0	file:/vast/home/akim/corn/analysis/data/5cv_all_sequence/./N00001.txt	0.03619847287390743	1.4550709407617489E-6	2.455600986372831E-6	1.109987004564811E-6	2.1129995011885336E-6	2.2989208662750267E-6	1.343461100120489E-6	3.290784992861267E-6	1.6337006697555016E-6	0.018208472626883625	2.7484518310212015E-6	3.085068080540804E-6	2.0133253245611295E-6	0.9097277311575914	1.1814786771189703E-6	0.01187673528512574	1.708547523522754E-6	7.080547590257092E-7	2.5535131762734495E-6	2.3301217448017248E-6	2.0455783426630154E-6	3.071087316475614E-6	0.0239415909772843	1.466388859378472E-6	8.384937510205333E-6
1	file:/vast/home/akim/corn/analysis/data/5cv_all_sequence/./N00002.txt	4.299371975296893E-7	0.07020517238647889	1.0858044554031866E-6	4.908080920656221E-7	9.343147707576623E-7	1.0165244814092877E-6	0.7970633526252705	1.4551016337147702E-6	7.223809877336348E-7	0.0655106405779575	0.018801463107499687	1.3641388343068407E-6	8.90241378675123E-7	9.675875854426165E-7	5.224198958620497E-7	1.0713606344577323E-6	0.04839869072168838	3.130838504651168E-7	1.1290987416583042E-6	1.0303207182998843E-6	9.045028449921552E-7	1.3579568951415748E-6	6.389915233731676E-7	6.483999500336568E-7	3.707606633725282E-6
2	file:/vast/home/akim/corn/analysis/data/5cv_all_sequence/./N00003.txt	7.570773690285755E-7	1.1329564876688337E-6	0.13704633091341287	8.64265062837036E-7	1.6452369614771507E-6	1.7900002241265408E-6	1.0460541315706478E-6	2.562291708769599E-6	0.5494464967464325	0.1246780464249431	2.1400168512544136E-6	0.0031339938422905293	1.5676280271636467E-6	1.7038271349875994E-6	9.199303585731516E-7	1.8865613282043005E-6	1.3303200187973333E-6	5.513100498337284E-7	1.988232489814085E-6	1.8142940484051587E-6	1.592741074975805E-6	2.3912293221779272E-6	1.12520159717865E-6	1.1417689166470467E-6	0.18566518112975747
3	file:/vast/home/akim/corn/analysis/data/5cv_all_sequence/./N00004.txt	1.094010885452302E-7	1.6371731357442384E-7	2.7629195624592717E-7	1.2489019291027667E-7	2.3774414856885464E-7	2.5866309181440895E-7	1.5115953184270242E-7	3.7026268856708045E-7	1.8381583835155568E-7	0.14842034267711998	3.0924207037488675E-7	3.4711644923369103E-7	0.7902345624878035	2.4621069244180333E-7	1.3293407877565031E-7	2.726166061174332E-7	1.9223723244651117E-7	7.966678445972473E-8	2.873085467417323E-7	2.6217365880496316E-7	2.3015825660808558E-7	3.4554340350076447E-7	1.6259669698240532E-7	1.6499074923950133E-7	0.06134018609400026
4	file:/vast/home/akim/corn/analysis/data/5cv_all_sequence/./N00005.txt	1.2689794294336246E-7	1.8990112980656996E-7	3.20480183201379E-7	1.4486426766733293E-7	2.757673054389746E-7	0.012185559471352558	0.22010970276878045	4.294799453335959E-7	2.1321407380309872E-7	0.17099538076498738	3.5870011097646046E-7	0.002687408559534939	2.6275884088660403E-7	0.5177425858946284	0.01318522979324588	3.162170229613446E-7	2.229823274976075E-7	9.24081396564136E-8	3.3325869108239605E-7	3.0410390279188226E-7	2.6696817831864254E-7	0.027282884249657968	1.8860128953764469E-7	1.913782299754795E-7	0.03580701051623047
5	file:/vast/home/akim/corn/analysis/data/5cv_all_sequence/./N00006.txt	3.013083322432669E-7	4.5090402086870573E-7	7.60952835622581E-7	3.4396783651542554E-7	0.019467275333650728	7.12400085262996E-7	4.163178543088035E-7	0.08252643400618898	0.15828549711467044	0.028284340838374236	8.517027912897722E-7	0.006173299115468823	6.238984359663944E-7	0.4758349166449969	0.14677156311751102	7.508303255785538E-7	5.294525006446555E-7	2.1941523873246721E-7	7.912943116850034E-7	7.220687558330776E-7	0.018725386279756943	9.516825473215723E-7	4.478176611174896E-7	4.5441126911975913E-7	0.06392195912457978
6	file:/vast/home/akim/corn/analysis/data/5cv_all_sequence/./N00007.txt	1.6781394855623007E-7	2.5113140283411183E-7	4.238133710414136E-7	1.9157319809992497E-7	3.646836137373878E-7	3.9677187275145405E-7	0.4386365194465711	5.679581857706892E-7	2.819611948211567E-7	0.07675549631171999	4.7435664104802826E-7	5.324534036116185E-7	0.32671331405356513	3.776707254456654E-7	2.0391198070944088E-7	4.1817562990381764E-7	2.948790497914783E-7	1.222035159498182E-7	4.407120836165062E-7	4.021568475829659E-7	0.05141698796277569	5.300404567277052E-7	2.4941245197516765E-7	2.530847679242648E-7	0.10647073746102614
7	file:/vast/home/akim/corn/analysis/data/5cv_all_sequence/./N00008.txt	6.080530841609784E-7	9.099435734437094E-7	1.535635324640751E-6	6.941417858850383E-7	1.3213859633467117E-6	1.4376538005957802E-6	8.401472120570793E-7	0.00437365310431864	0.07743215268258388	0.023842907585997702	1.7187726113532754E-6	1.9292790439858542E-6	0.009822376988027777	0.88444094632244	7.388498383744536E-7	1.5152076670121135E-6	1.0684577606496617E-6	4.427893235805974E-7	1.5968657193012517E-6	6.134203104404717E-5	1.2792234486570103E-6	1.920536029431325E-6	9.0371516763898E-7	9.170213502183969E-7	5.243606883623233E-6
8	file:/vast/home/akim/corn/analysis/data/5cv_all_sequence/./N00009.txt	1.329632772044973E-7	1.9897782405494E-7	0.026033303129435963	1.517883374001973E-7	2.889481407384592E-7	3.143724878502691E-7	1.837154182080537E-7	4.5000777554487704E-7	0.03759612340913021	0.10875633262529656	3.758448811919197E-7	4.218764298914496E-7	2.7531791129452167E-7	0.6888918044678207	1.615646699791627E-7	3.3133123126791695E-7	0.11979378753684934	9.682496661566492E-8	3.4918743909799773E-7	3.1863914093495974E-7	2.797284422049652E-7	4.1996459045160714E-7	3.275739655948061E-4	2.0052552510242812E-7	0.01859612328738331
9	file:/vast/home/akim/corn/analysis/data/5cv_all_sequence/./N00010.txt	3.4262869823759833E-7	5.127394139754854E-7	8.653072337842734E-7	0.012148308237048449	7.445809655182297E-7	8.100961298373416E-7	4.7341022205695403E-7	1.1596102440721388E-6	0.8492074693106018	0.01961030829128332	9.68502319508838E-7	0.00408413703322431	7.094576753192865E-7	7.710969805262577E-7	4.1633068708895606E-7	8.537965582796814E-7	0.11489965128469005	2.49505073625713E-7	8.998096332648222E-7	8.210907279171605E-7	7.208230274387124E-7	1.0821929479898026E-6	5.092298016923497E-7	5.167276339284747E-7	3.6698907178117396E-5
10	file:/vast/home/akim/corn/analysis/data/5cv_all_sequence/./N00011.txt	2.0827376324593577E-7	3.1167899204734945E-7	0.0022363450059168003	2.3776134968876672E-7	4.526085541796473E-7	4.924332679079614E-7	2.87771949676328E-7	7.048924701104901E-7	3.499418233106261E-7	0.2940439587970039	0.004820932463981213	6.608275121191165E-7	0.6801817011683732	4.687268485911038E-7	2.5307500335144955E-7	5.189974545448736E-7	3.6597416323755775E-7	1.51666690210946E-7	5.469674300167679E-7	0.018707535249189344	4.381668124451191E-7	6.578328055863828E-7	3.095456034505894E-7	3.141033119672342E-7	1.7960697299010423E-6
11	file:/vast/home/akim/corn/analysis/data/5cv_all_sequence/./N00012.txt	0.07447327120214532	3.7065474630637966E-7	0.016417377841327806	2.8275044195780826E-7	5.382509347953378E-7	5.856112623770247E-7	3.422240244705601E-7	8.382718962412113E-7	0.3717800923619821	0.35670811692997767	7.001216831594144E-7	0.012490202194465767	5.128606217761066E-7	5.574191253965905E-7	4.908774425946124E-5	6.172019120838365E-7	4.35223624596742E-7	1.803649909607199E-7	6.504643533367128E-7	5.935591592051993E-7	5.210765333906366E-7	7.823076238311015E-7	3.681176789092133E-7	3.7353779491664305E-7	0.16807260170743413
12	file:/vast/home/akim/corn/analysis/data/5cv_all_sequence/./N00013.txt	5.317547171431261E-7	7.957640543513208E-7	1.342944142477452E-6	6.070410275442372E-7	1.155578743829387E-6	1.2572573184797103E-6	7.347257250120668E-7	1.799698100318632E-6	8.934549045976534E-7	3.218587090167762E-4	1.5031014028070389E-6	0.0013633208625572965	1.10106791230551E-6	1.1967312104291902E-6	6.461391234585656E-7	1.3250797428268831E-6	0.9981831548329742	3.8722821682499897E-7	1.3964913607078863E-6	1.2743207735321011E-6	1.118706772192566E-6	1.0642059905492256E-4	7.903171875345584E-7	8.019537132558873E-7	4.585640247279187E-6
13	file:/vast/home/akim/corn/analysis/data/5cv_all_sequence/./N00014.txt	4.884708601711646E-7	7.30990322400204E-7	1.2336309566976972E-6	5.576290032306566E-7	1.0615167572494214E-6	1.1549188827392705E-6	6.749204009222322E-7	1.6532059815737114E-6	0.6591719939229491	0.08130896139235762	1.3807517102965667E-6	1.5498590808503793E-6	1.011443007257756E-6	0.015010689600937608	5.935445859732658E-7	1.2172206863560688E-6	8.583304566594779E-7	3.557085514375274E-7	0.19392326494940354	1.170593403901421E-6	1.0276460963582327E-6	1.5428355035490114E-6	7.259868205346896E-7	7.366761544423219E-7	0.05056536425512959
14	file:/vast/home/akim/corn/analysis/data/5cv_all_sequence/./N00015.txt	5.54977211357078E-7	8.305162164893964E-7	1.4015924469925375E-6	6.335513833442087E-7	1.2060445315830304E-6	0.020388605170624834	0.26071762376592383	1.8782935078893381E-6	9.324733668388851E-7	0.0501290083869202	1.5687440055040155E-6	1.7608757058412613E-6	0.11483681298115396	1.2489941856579877E-6	6.743569494076032E-7	1.3829478832848448E-6	0.536410877530104	4.0413903065474646E-7	1.4574781493500337E-6	1.3299721967090444E-6	1.167562307849917E-6	0.01339287028655553	0.004100146481692067	8.369761867113121E-7	4.78590176010944E-6
15	file:/vast/home/akim/corn/analysis/data/5cv_all_sequence/./N00016.txt	5.567116378101272E-7	8.331117632363397E-7	1.4059727331857552E-6	6.355313714521007E-7	1.2098136873183046E-6	0.08317605845899052	0.6876590530617731	1.884163590263906E-6	9.353875522164333E-7	0.06684386124234235	1.5736466772633752E-6	1.7663788316313721E-6	0.04742775261156945	1.2528975685554814E-6	6.764644639287672E-7	1.3872699010954363E-6	0.041451278241113776	4.0540205445308094E-7	1.4620330907156305E-6	0.0020848148164560763	1.1712111981302337E-6	0.0020304106226900673	8.27409257835382E-7	8.395919222930572E-7	0.06930794794776332
16	file:/vast/home/akim/corn/analysis/data/5cv_all_sequence/./N00017.txt	2.39549191414161E-7	3.584822656589715E-7	6.049804036966709E-7	2.734647810642807E-7	5.205745144809195E-7	5.663795060614145E-7	0.31403744328656097	0.0027375176036566868	4.024908347052374E-7	0.17387869460325533	0.0047427295350716565	7.600606707501604E-7	0.10406613363813558	0.06981015636959144	2.910780094196951E-7	5.969327035946682E-7	0.24474694658720197	1.7444171766173308E-7	0.039234624877497314	5.740663901242256E-7	0.007290524826656958	0.0013927023472970353	3.560285167788373E-7	3.6127063356228675E-7	0.03805644652493606
17	file:/vast/home/akim/corn/analysis/data/5cv_all_sequence/./N00018.txt	3.7505303720282587E-7	5.612620177301901E-7	9.47194755762448E-7	4.2815338303037664E-7	8.150436726329667E-7	8.867588018300129E-7	5.182109453721205E-7	1.2693488497836532E-6	6.301645566463644E-7	5.385449082513316E-6	1.0601556096678165E-6	1.189998018112338E-6	7.765965234787095E-7	0.9999746193800884	4.557297432370119E-7	9.345947784970886E-7	6.590351051463381E-7	2.731167474942402E-7	9.84962256799362E-7	8.98793863177387E-7	7.890374248194207E-7	1.1846052419741998E-6	5.574202766473063E-7	5.65627659061741E-7	3.234307561015322E-6
18	file:/vast/home/akim/corn/analysis/data/5cv_all_sequence/./N00020.txt	6.636532403874905E-7	9.931484878807303E-7	1.6760532687003391E-6	7.576138621624124E-7	1.4422130225482516E-6	2.6301197675349125E-4	9.169699722081903E-7	2.2461022676253854E-6	0.0029423472955077126	0.03706905553681922	1.8759365633147332E-6	2.1056916287491788E-6	0.6818443645475255	1.4935731081825204E-6	8.064100029581713E-7	1.6537577133748072E-6	1.16615715558904E-6	4.832778207329201E-7	1.7428825487174243E-6	0.14634423375859748	1.3961951826168653E-6	2.096149156075309E-6	9.863505588800732E-7	1.0008734540286154E-6	0.1315114838757819
19	file:/vast/home/akim/corn/analysis/data/5cv_all_sequence/./N00021.txt	1.1288526401478761E-6	1.6893133708628325E-6	2.850912256973467E-6	1.2886766107181492E-6	2.453157581523548E-6	2.669009220898092E-6	1.5597361861130328E-6	3.820547117905463E-6	1.8966995409589618E-6	0.20358030488107956	3.19090725905493E-6	3.581713174583329E-6	0.7668975481115095	2.5405194216203637E-6	1.3716772637913684E-6	2.8129882403920146E-6	0.029463745095737633	8.220399007480717E-7	2.964586695061678E-6	2.705232926424246E-6	2.3748827281225207E-6	3.5654817380199405E-6	1.6777503140841917E-6	1.7024532877658246E-6	9.734774197623467E-6
20	file:/vast/home/akim/corn/analysis/data/5cv_all_sequence/./N00023.txt	1.1534745699357942E-6	1.7261597702314226E-6	2.913094829725851E-6	1.3167845354374268E-6	2.5066645421159063E-6	2.7272242219558475E-6	1.5937563172588655E-6	3.903878847435881E-6	1.938069336506546E-6	0.036596207267381206	0.0052289239818705	3.659835585931456E-6	0.8549663736868479	2.595931871925467E-6	1.4015955543455107E-6	2.874343634786183E-6	2.026860627901444E-6	8.399697952260922E-7	3.029248673835491E-6	2.7642380195652396E-6	2.4266823994938983E-6	3.643250117958469E-6	1.714344506245205E-6	1.739586287971316E-6	0.1031600000698546
21	file:/vast/home/akim/corn/analysis/data/5cv_all_sequence/./N00024.txt	1.1747522557095597E-7	1.7580015517007308E-7	0.031018646111571582	1.3410747350716944E-7	0.02506021234446585	2.7775322404781877E-7	1.6231557049891695E-7	3.9758921449801986E-7	0.8587607293940884	0.03326455689733687	3.3206508688713725E-7	0.018569731493611855	2.4324786823135266E-7	2.643817992782043E-7	1.4274502290514563E-7	2.9273655064952476E-7	2.0642493182737896E-7	8.554643833410862E-8	3.08512801707585E-7	2.815228816863423E-7	0.00903617810458272	3.710455701181227E-7	1.745968336247714E-7	1.7716757430633908E-7	0.024285800620119796
22	file:/vast/home/akim/corn/analysis/data/5cv_all_sequence/./N00025.txt	2.5966747848785255E-7	0.014423941339808479	6.557890470641388E-7	2.964314332893074E-7	5.642944179535538E-7	6.139462936106942E-7	0.9037228891147493	8.788320116083402E-7	4.362936044383646E-7	0.007445668059813835	7.339973461361953E-7	8.238935673560903E-7	0.03710794023124284	5.843900689953296E-7	3.1552389011657284E-7	6.470654693272367E-7	4.5628209083341077E-7	1.8909202198056087E-7	6.819373268812659E-7	6.222787525525724E-7	5.462890263827031E-7	8.201598858685771E-7	0.037286804210486094	3.916115680250313E-7	2.239268598613863E-6
23	file:/vast/home/akim/corn/analysis/data/5cv_all_sequence/./N00026.txt	1.0957675019206534E-4	8.282978497413259E-7	1.397848695796567E-6	0.02523951547578593	1.2028231025098388E-6	1.3086586756135762E-6	7.647640463896276E-7	1.8732764549067592E-6	9.299826654300667E-7	0.1514412494244853	1.5645537808353687E-6	1.7561722839985967E-6	1.1460836653714714E-6	0.4470511042762842	0.021423742234633125	1.3792539330191156E-6	0.008286739996800957	4.030595471125809E-7	0.06143605798248567	1.3264197481975526E-6	1.1644436674806981E-6	0.28498853773407395	8.226282947426028E-7	8.347405649321546E-7	4.773118282660876E-6
24	file:/vast/home/akim/corn/analysis/data/5cv_all_sequence/./N00027.txt	3.191712403415083E-7	4.776356317270549E-7	8.060655295485091E-7	3.643597911841908E-7	6.936045682149248E-7	7.546343545826975E-7	0.9207959351426014	1.0802196132927699E-6	5.362718954740979E-7	0.018047685946315374	9.021955492382701E-7	1.0126918216088233E-6	6.608859309398371E-7	7.183052119221181E-7	3.878273550170259E-7	7.95342911750097E-7	5.608408173599193E-7	2.3242315728437557E-7	8.382057842720888E-7	7.648762272694936E-7	0.0611397571287655	1.0081025532169963E-6	4.743662987398064E-7	4.813508053704128E-7	2.7524052693830597E-6
25	file:/vast/home/akim/corn/analysis/data/5cv_all_sequence/./N00031.txt	7.131555650315812E-7	1.0672280762485268E-6	1.8010711665705436E-6	8.141247703857033E-7	1.5497886251422119E-6	0.06454858321183897	0.6830462235531962	2.413640489198598E-6	1.1982448237446981E-6	0.10381906932104715	2.01586388547277E-6	2.26275652991025E-6	1.4766821690968237E-6	1.604979692798555E-6	8.665606468989282E-7	0.11645308867165859	1.2531415724334335E-6	5.193258261057883E-7	1.8728852858286832E-6	1.7090378740075365E-6	1.500338284752645E-6	0.015735119685170388	1.0599230853248367E-6	1.0755292526201335E-6	0.016371141279467167
26	file:/vast/home/akim/corn/analysis/data/5cv_all_sequence/./N00032.txt	1.0543046285145453E-6	1.5777532359572468E-6	2.662641589448056E-6	1.2035740246491354E-6	0.007582209997255959	2.492751201584859E-6	1.4567331658675827E-6	3.568242981066136E-6	0.2742286983573933	0.08422492224786199	2.980183748289392E-6	0.011321306193665037	0.05119259389331765	0.15907683394757705	0.17101671033482369	2.6272220273265994E-6	1.8526013464426332E-6	0.10092790632211536	2.7688091103075465E-6	2.1019559213967235E-4	2.2180484532603187E-6	3.330021798758497E-6	1.5669537889365085E-6	1.5900254092387002E-6	0.14018567324734071
27	file:/vast/home/akim/corn/analysis/data/5cv_all_sequence/./N00033.txt	2.9760796104870634E-7	4.4536646325152384E-7	7.516075648416736E-7	3.397435634439814E-7	0.36432756111512465	7.036510913839243E-7	4.112050498125051E-7	0.055690559717952656	0.2693620722911375	0.10300063519624246	8.41243019229201E-7	9.44274139102335E-7	2.992652710989739E-5	0.07594363318217116	3.616256534956962E-7	7.416093694633069E-7	5.229502882176465E-7	2.1672059758859826E-7	7.815764168774522E-7	7.132010208962965E-7	0.004338549143444208	9.399949226938156E-7	4.423180071209425E-7	4.4883063894529434E-7	0.12729715930104998
28	file:/vast/home/akim/corn/analysis/data/5cv_all_sequence/./N00034.txt	6.826151312525308E-7	1.0215247122309327E-6	1.723941438652668E-6	7.79260394565053E-7	0.6187026222292866	1.613945004725242E-6	9.431696251012864E-7	2.3102778693983306E-6	0.01243836421638963	0.07463310549829459	1.929535795893698E-6	2.165855419762175E-6	1.4134441938087687E-6	1.5362474576059933E-6	8.294507379957062E-7	1.7010088550401779E-6	0.052573653083984206	4.970860276948595E-7	1.7926801638998151E-6	1.6358494133457945E-6	1.4360872513478463E-6	2.156040299695943E-6	1.0145325529003769E-6	1.0294703960007897E-6	0.24162404294930404
29	file:/vast/home/akim/corn/analysis/data/5cv_all_sequence/./N00035.txt	5.746388659531402E-7	8.599396282095155E-7	1.4512478670949785E-6	6.559967526553397E-7	1.2487721076387579E-6	1.358650701932576E-6	7.939787721598974E-7	0.01137734377168242	9.655089021430853E-7	0.02083485236913073	1.6243212475144403E-6	1.8232597627112507E-6	1.1898651691590522E-6	0.42575813992203276	0.0043584381382100554	1.4319427664062835E-6	0.0036796213386723477	4.184568113976542E-7	1.5091134802562436E-6	1.3770902646565847E-6	1.2089265410950835E-6	0.47578777937676625	0.05817951128938852	8.666284613479708E-7	4.955456014612718E-6
30	file:/vast/home/akim/corn/analysis/data/5cv_all_sequence/./N00036.txt	1.843824216281613E-7	2.759259084230147E-7	4.656569751400991E-7	2.1048745046887394E-7	4.006892657464512E-7	4.359456371848644E-7	0.6626088398838812	6.240333808774384E-7	0.02030221991403782	0.06946132932020659	0.032105867417984796	5.85023168852803E-7	3.81787996425634E-7	0.1297655756724192	0.006791739592589771	4.594626130360792E-7	3.239928132061429E-7	1.3426881612736246E-7	0.0647377915211691	4.4186227706124606E-7	3.879041541124117E-7	5.823719888195355E-7	2.740372434773488E-7	2.780721315990079E-7	0.014220190773469381
31	file:/vast/home/akim/corn/analysis/data/5cv_all_sequence/./N00037.txt	8.170211666162881E-7	1.2226616052047708E-6	2.0633832754362093E-6	9.326957571203828E-7	1.7755033720675949E-6	1.9317286861127707E-6	1.1288785028883627E-6	2.7651685900957948E-6	1.372759930358909E-6	0.06575192054290559	2.309458895375332E-6	2.592309547151929E-6	1.6917495251734175E-6	0.6123431322041974	9.927685141765316E-7	2.0359352958078895E-6	1.4356519666218883E-6	5.949616228264715E-7	0.052465552140599045	1.957946044424717E-6	1.7188509714194032E-6	0.24791631580310605	1.214292698756806E-6	1.2321717838193306E-6	0.021491293411440474
32	file:/vast/home/akim/corn/analysis/data/5cv_all_sequence/./N00038.txt	5.136249211252387E-7	7.686330491742227E-7	5.188214761060738E-5	5.86344398724481E-7	1.1161801146629355E-6	1.2143920311748907E-6	7.096757779328425E-7	5.232332886957246E-5	8.629931998880803E-7	0.1147341329683797	1.451854237622499E-6	1.6296698801604444E-6	1.063527790876616E-6	0.8574167395872099	6.241094730768703E-7	1.279902098566475E-6	9.025306298652762E-7	3.740259482656814E-7	1.348878988510422E-6	1.2308737199551885E-6	1.0805652664760847E-6	1.6222846200936145E-6	7.633718893782744E-7	7.746116760940369E-7	0.02772500391821859
33	file:/vast/home/akim/corn/analysis/data/5cv_all_sequence/./N00040.txt	1.5666704013891586E-7	2.3445019860652942E-7	0.022033791077355452	1.788481003782876E-7	3.404597939738969E-7	3.7041661583641434E-7	2.1646691781123865E-7	0.0015126259958192921	0.7332278427403155	0.1968832898750644	4.4284787744167395E-7	0.04483876534702444	3.243996625730159E-7	3.5258424708875555E-7	1.9036728914049385E-7	3.90398645398095E-7	2.752919428168226E-7	1.1408624433869238E-7	0.0014970776533282776	3.7544389798628186E-7	3.2959647208093474E-7	4.94832939835059E-7	2.3284542769486237E-7	2.362738129700423E-7	1.3510339664551545E-6
34	file:/vast/home/akim/corn/analysis/data/5cv_all_sequence/./N00041.txt	2.225385548674012E-7	3.3302606815070774E-7	5.620201177343459E-7	2.540457633186473E-7	4.836079782590093E-7	2.2443147105179222E-5	3.074816184923101E-7	7.531709668589873E-7	3.7390954306257215E-7	3.195468206504248E-6	6.290456919629151E-7	7.060879741725122E-7	0.8811729149003756	5.008302240635242E-7	2.7040825805980776E-7	5.545438931637959E-7	3.910399473097424E-7	1.6205443035669725E-7	5.844295485828226E-7	5.333013403302134E-7	4.6817711320292856E-7	7.028881584412357E-7	3.307465625236213E-7	3.356164311570666E-7	0.11879198751412855
35	file:/vast/home/akim/corn/analysis/data/5cv_all_sequence/./N00042.txt	0.05940166905413936	1.5481745121637765E-6	0.05970891088145607	1.181010177002521E-6	2.24820101914914E-6	2.4460186723165637E-6	1.4294232501139684E-6	3.5013478094007715E-6	0.7485719985793157	0.02120753433012971	2.924313140683914E-6	3.2824679792470333E-6	2.1421491316070294E-6	2.328263946789697E-6	1.2570762863444923E-6	2.577968523724519E-6	1.8178699434088811E-6	7.533600599335703E-7	2.7169012212637045E-6	2.47921595743784E-6	0.0027531492478740376	3.267592647756343E-6	1.5375775263728863E-6	1.5602166144711606E-6	0.10831573875866603
36	file:/vast/home/akim/corn/analysis/data/5cv_all_sequence/./N00043.txt	8.817261049722721E-7	1.3194917083006895E-6	2.2267953057448086E-6	0.006600686492448985	1.916116419727387E-6	2.08471417860995E-6	1.2182813444858457E-6	2.984159321886812E-6	1.4814772443047717E-6	0.10395761976175608	2.4923591696483E-6	2.7976105066641207E-6	1.8257295898435423E-6	0.725532587268747	1.0713919674434688E-6	0.1359035010111227	0.010769448184502864	6.420802982074277E-7	2.3155843256449615E-6	2.113007851003766E-6	1.8549773665401416E-6	0.008773412208847422	1.3104600166055993E-6	1.329755056534536E-6	0.008430879354798724
37	file:/vast/home/akim/corn/analysis/data/5cv_all_sequence/./N00044.txt	8.372316062229855E-7	1.252906266593114E-6	0.009319619563531709	9.55767608916797E-7	1.8194235361207159E-6	1.9795133550325452E-6	1.1568032761233251E-6	2.833569844648254E-6	1.4067175348869726E-6	0.15123595491023356	2.3665873780099248E-6	2.6564348326222683E-6	1.7335978921499786E-6	0.6753148672915704	1.0173263701036825E-6	0.16408912369924844	1.4711653150554608E-6	6.096790333878608E-7	2.19873311380008E-6	2.006379245302366E-6	1.7613697398065876E-6	2.644396528221889E-6	1.2443303406880633E-6	1.2626516960168228E-6	7.219950902206964E-6
38	file:/vast/home/akim/corn/analysis/data/5cv_all_sequence/./N00045.txt	4.93432073537849E-7	7.384147140151676E-7	1.2461604787039428E-6	5.632926296412667E-7	1.0722981805735883E-6	0.019779849530878697	0.3458117564381164	1.6699969680632476E-6	8.290651534916621E-7	7.085273399025896E-6	1.39477548202943E-6	1.5656004120440105E-6	0.5556993970347337	1.1104848600160059E-6	5.995729933436091E-7	1.2295835354669419E-6	0.01074064325680531	3.593213483593692E-7	1.2958486414448015E-6	1.1824826773789696E-6	1.038083508218762E-6	1.5585054989303541E-6	0.0679383222275381	7.441582948980621E-7	4.255161078532679E-6
39	file:/vast/home/akim/corn/analysis/data/5cv_all_sequence/./N00046.txt	8.118603631515897E-7	1.21493852959043E-6	0.007757887033064064	9.268042824664378E-7	1.7642882110307038E-6	1.9195267108109113E-6	1.1217478184863195E-6	0.02694828339588631	1.3640887422743504E-6	0.025038223431036174	2.294870945936772E-6	2.5759349406678405E-6	0.06764537007510395	0.8136450651594722	9.864975833892364E-7	2.0230750880705278E-6	1.426583514118842E-6	5.912034827318128E-7	2.132103292535913E-6	1.945578464314635E-6	1.7079936614609115E-6	2.5642614418300312E-6	1.2066224862544104E-6	0.058929591766440526	7.001159437644589E-6
40	file:/vast/home/akim/corn/analysis/data/5cv_all_sequence/./N00047.txt	4.063641076253848E-7	6.081186295142823E-7	1.0262707230516233E-6	4.6389750292260174E-7	8.830870886298112E-7	9.607893109521353E-7	0.47913526999436795	1.3753196520008247E-6	6.827734541988577E-7	5.835049962264328E-6	1.1486620438530928E-6	1.2893442653143596E-6	0.30772442761607194	9.145355832595473E-7	4.937760584743738E-7	0.21311430387125074	7.140542425517398E-7	2.9591772993168615E-7	1.0671912205113109E-6	9.738291119389957E-7	8.549097253314009E-7	1.2835012766017716E-6	6.039561630574925E-7	6.128487337073829E-7	3.5043217237226607E-6
41	file:/vast/home/akim/corn/analysis/data/5cv_all_sequence/./N00048.txt	9.07089975081094E-7	1.3574484117602733E-6	2.290851645435037E-6	0.012686731352685178	1.971235722319517E-6	2.144683390525191E-6	1.2533266148972416E-6	3.070002112519338E-6	1.524093648856958E-6	0.1259766245554351	2.564054760702031E-6	2.8780870050982188E-6	1.8782488108459427E-6	0.7880338933382491	1.102211795216092E-6	0.01867346058725368	1.5939189336079686E-6	6.605504798106808E-7	0.014385459868105096	2.1737909630944147E-6	1.9083379336305405E-6	0.007239071823973336	0.03296629015353077	1.3680069970637913E-6	7.822381567168594E-6
42	file:/vast/home/akim/corn/analysis/data/5cv_all_sequence/./N00049.txt	1.5590687914346378E-7	2.3331262751181382E-7	3.937421208833394E-7	1.7798031510642872E-7	3.3880785585296774E-7	3.686193248224491E-7	0.7447944790883534	0.0029332721519526863	2.6195492271251205E-7	3.294805928264904E-5	4.4069914415960376E-7	4.946737095491619E-7	0.22814020592536635	3.5087348015264655E-7	1.8944361184445098E-7	3.885043999802597E-7	2.739562043162036E-7	1.1353268876639718E-7	4.094418023567319E-7	3.7362221419767765E-7	3.2799724366574045E-7	0.008476277562610513	0.0069866125751377045	2.3512739355273975E-7	0.008630676441358152
43	file:/vast/home/akim/corn/analysis/data/5cv_all_sequence/./N00051.txt	7.387890257061387E-7	1.1055882185017657E-6	1.8658083560199745E-6	8.43387439442967E-7	1.6054937864343352E-6	1.7467600745919303E-6	1.0207851196114546E-6	2.5003956960511907E-6	1.2413141946842513E-6	0.006777340243746679	2.0883215232831667E-6	2.3440884066698233E-6	0.2767099299922443	1.662668626119847E-6	8.977080561790046E-7	1.8409885998670327E-6	0.6276338673155274	5.379923258058577E-7	1.9402037415433504E-6	1.7704670449805788E-6	0.003712342699323475	2.333465578872826E-6	1.0980206590632213E-6	1.1141877699944648E-6	0.08513622331491473
44	file:/vast/home/akim/corn/analysis/data/5cv_all_sequence/./N00052.txt	2.66916734938296E-7	3.994374404610037E-7	6.740970115702998E-7	3.047070459782767E-7	5.800480848090296E-7	6.310861147199881E-7	3.6879896928607493E-7	9.033667691609923E-7	0.5574821572755311	0.4260211181661553	7.544886877053134E-7	0.003207937405914701	5.526861212945459E-7	0.0132758524114969	3.243325157057938E-7	6.651298937006537E-7	4.6902032786431673E-7	1.9437099094522506E-7	7.009752849439405E-7	6.39651194751285E-7	5.615400284387676E-7	8.430566666963152E-7	3.9670336051868577E-7	4.0254436832064683E-7	2.301783290200613E-6
45	file:/vast/home/akim/corn/analysis/data/5cv_all_sequence/./N00053.txt	2.9044842068144377E-7	4.3465230372219457E-7	7.335261778993961E-7	3.315703689218203E-7	0.00572166609103074	6.867233910109929E-7	4.013127097588967E-7	9.83008620495692E-7	4.880117799136162E-7	0.084360830275068	8.210052764832547E-7	9.215577816741181E-7	0.9099025979156098	6.536635761630573E-7	3.529260425883912E-7	7.237685086250994E-7	5.103696983524679E-7	2.1150696062342681E-7	7.627740707069519E-7	6.960435783296165E-7	6.110460419319794E-7	9.173815101683797E-7	4.3167718415373956E-7	4.3803314190835456E-7	2.504711147258174E-6
46	file:/vast/home/akim/corn/analysis/data/5cv_all_sequence/./N00054.txt	2.1580337696444599E-7	3.229469615588042E-7	0.004888887824625159	2.4635701287959343E-7	4.6897147731289816E-7	5.102359533336446E-7	2.981756202410485E-7	7.303760832660807E-7	0.663220960489349	0.23071162592102573	6.100074868888224E-7	0.012072766102623802	4.468492071293948E-7	4.856724880916399E-7	2.6222429314844124E-7	5.377605012806186E-7	3.7920503801115973E-7	1.5714981767479692E-7	0.0037624653421299108	5.171608589419493E-7	4.54007630753505E-7	6.816150950127296E-7	3.207364456667251E-7	3.254589266637682E-7	0.08533532360597158
47	file:/vast/home/akim/corn/analysis/data/5cv_all_sequence/./N00055.txt	4.7290947124778695E-7	7.077029052099364E-7	1.1943307390790567E-6	5.398644188884361E-7	0.4567162463463434	1.118126223494539E-6	6.53419223047686E-7	0.3629146113178285	7.945830528538455E-7	0.06372149781708468	1.336764614806337E-6	1.5004846720574163E-6	9.792211097135434E-7	1.064298078990926E-6	5.746358262113046E-7	1.1784432565226289E-6	8.309863197826576E-7	3.4437661833029756E-7	1.2419522943634054E-6	1.133301395893272E-6	9.949080112748816E-7	1.4936848473417843E-6	7.02858801672668E-7	7.132076016900898E-7	0.11662807445926095
48	file:/vast/home/akim/corn/analysis/data/5cv_all_sequence/./N00058.txt	2.789041089503126E-7	4.173763905770972E-7	7.043710706319913E-7	0.03568153435880229	6.060983560262583E-7	0.011976802740077721	0.04246625132443099	9.439374562498451E-7	4.686150136906525E-7	0.10789916750892946	7.883731801461863E-7	8.849290739506078E-7	0.18068651948771813	0.4972028526421369	3.3889846328836997E-7	6.950012346797262E-7	4.9008428284881E-7	0.01587683345367697	7.324564617077182E-7	0.05507444668022458	0.011976730070639329	8.809187946717267E-7	4.145195216352252E-7	4.206228522366368E-7	0.041149796627102296
49	file:/vast/home/akim/corn/analysis/data/5cv_all_sequence/./N00059.txt	3.4433674605434524E-7	5.152954854344897E-7	8.696209008503509E-7	3.930882517960017E-7	7.482927967194294E-7	0.018347440593113256	0.8289559973096313	1.1653910492290122E-6	5.78555007933564E-7	0.031306120398427624	9.733304272559719E-7	1.0925389337570598E-6	7.129944124333595E-7	7.749409974485491E-7	4.18406148732376E-7	8.580528431583763E-7	6.050611010488932E-7	2.507488882812447E-7	9.04295299198503E-7	8.251839700547396E-7	7.244164222845341E-7	0.12100064988746519	5.11768377285921E-7	5.193035871732676E-7	3.7600618971656176E-4
50	file:/vast/home/akim/corn/analysis/data/5cv_all_sequence/./N00060.txt	2.438917517021886E-4	6.166076637470734E-7	0.07393771403777677	4.7037328181127306E-7	0.026215544724519826	9.742014528522889E-7	5.69311355944402E-7	1.394518431712919E-6	0.8993335994371998	5.9165043635532225E-6	1.1646967958552887E-6	1.3073428713015644E-6	8.531761510476942E-7	9.273020460788114E-7	5.006689271685457E-7	1.026754500954547E-6	2.4420373703867875E-4	3.0004859456493437E-7	1.082088680257102E-6	9.874232829887162E-7	8.66843840768846E-7	1.3014183173666734E-6	6.123870913245567E-7	6.214037978469571E-7	3.5532403156414055E-6
51	file:/vast/home/akim/corn/analysis/data/5cv_all_sequence/./N00061.txt	1.6356437931078843E-7	2.4477197743932196E-7	4.1308110305725934E-7	1.867219710243428E-7	0.2470455510039444	3.867243793076305E-7	2.259969743586152E-7	0.28585194866752867	0.019169796385405457	0.06451825945927216	4.6234446082992646E-7	2.582604364446389E-4	3.3868150831429706E-7	0.3817960240703503	1.9874829741937413E-7	4.0758612699704946E-7	2.8741179839849275E-7	1.1910894420811836E-7	4.295518878595744E-7	3.919729898879681E-7	0.001321269122467787	3.2734301491143244E-5	2.4309655574328374E-7	2.466758772717675E-7	1.4105138640207102E-6
52	file:/vast/home/akim/corn/analysis/data/5cv_all_sequence/./N00062.txt	2.9631388915704585E-7	4.434299014083824E-7	7.483393921093525E-7	3.382662756917445E-7	0.6135699074046982	7.005914450771269E-7	4.094170301143891E-7	0.31891110565318925	4.978669469828329E-7	0.06750416951311894	8.375850897121139E-7	9.401682051846792E-7	6.135567862456004E-7	6.668640029053972E-7	3.6005321708692837E-7	7.383846713193703E-7	5.20676373009419E-7	2.1577824365191247E-7	7.781779322781093E-7	7.100998491702671E-7	6.233858277283165E-7	9.359075958512295E-7	4.4039470070745297E-7	4.4687901402259917E-7	2.5552926041663003E-6
53	file:/vast/home/akim/corn/analysis/data/5cv_all_sequence/./N00063.txt	1.82040696796029E-6	2.724215475090123E-6	4.597429596265148E-6	2.0781418213199744E-6	0.14665912522209104	4.304089666332959E-6	2.515257103006843E-6	6.16107926535445E-6	3.058649940382366E-6	0.016341078890047343	5.145711319537452E-6	5.775931586068258E-6	0.5658273807037375	4.096884830557091E-6	2.211990086209491E-6	4.536272682082909E-6	3.1987798485419037E-6	0.0017941761149690306	4.780742928594904E-6	0.26929050451699127	3.829776281336816E-6	5.749756495388463E-6	2.7055686930548693E-6	2.745405128582445E-6	1.56984624481654E-5
54	file:/vast/home/akim/corn/analysis/data/5cv_all_sequence/./N00064.txt	7.871263866996719E-7	1.1779244538388265E-6	0.05907308340268277	8.985684474158465E-7	2.3427390594030317E-4	1.8610467915798265E-6	1.0875728724158828E-6	2.6639911545397384E-6	0.8885484312360636	0.009081273838146343	2.2249558638447646E-6	0.017444750070760708	1.6298484609224696E-6	0.01194002435349457	0.013644674043226673	1.961440484559955E-6	1.3831215043368455E-6	5.731919949392378E-7	2.0671470574194156E-6	1.8863048575395604E-6	1.655958266065323E-6	2.4861391624363492E-6	1.169861765426119E-6	1.1870866553038744E-6	6.78786350582375E-6
55	file:/vast/home/akim/corn/analysis/data/5cv_all_sequence/./N00101.txt	2.8690303496217734E-7	4.29346679863585E-7	7.245723222381015E-7	0.09321688075068835	6.234811616221077E-7	6.783408379302621E-7	3.964140487615287E-7	9.710094341449985E-7	4.820548186353272E-7	0.096893953279794	8.109835990513136E-7	9.103087007152315E-7	5.940703778559849E-7	6.456845707937188E-7	3.486180179538814E-7	7.149337608632977E-7	5.041398230588104E-7	2.0892518119436187E-7	0.03484040491203386	6.875472575136617E-7	0.013846044957835093	0.7140018408635657	4.264078763694483E-7	0.047187957357422296	2.4741371571791705E-6
56	file:/vast/home/akim/corn/analysis/data/5cv_all_sequence/./N00102.txt	4.92289465881457E-8	7.36704816440458E-8	1.2432748282154139E-7	5.619882505667518E-8	1.0698151313824931E-7	0.17310161795368867	6.801965701005765E-8	0.023514781142883107	8.271453427561429E-8	0.11341387453269898	3.249802212710323E-4	1.5619750558631158E-7	1.0193499314124463E-7	1.1079133844849075E-7	5.98184602256973E-8	1.2267362710973502E-7	8.650404282266031E-8	3.5848929194115374E-8	8.437463833914828E-4	0.019020289685949848	0.0013188613312949105	0.6197338818927374	7.31662199855207E-8	7.424350972971811E-8	0.04872658453601776
57	file:/vast/home/akim/corn/analysis/data/5cv_all_sequence/./N00103.txt	6.06112610863767E-8	9.070396802603155E-8	0.04601806920639194	6.919265786357448E-8	1.3171690384696307E-7	1.4330658314145368E-7	8.374660592544865E-8	6.174511431560229E-6	1.0183911255628093E-7	0.03210417204764175	1.7132875107211298E-7	1.9231221564290877E-7	1.255035687602902E-7	1.3640760581351978E-7	7.364919547959287E-8	1.5103722010073253E-7	1.065048002837809E-7	4.4137625475308857E-8	0.9110283478471741	1.452515353832929E-7	1.275141076561635E-7	1.9144070433632974E-7	9.008311511003448E-8	9.140948698017619E-8	0.010840908690336092
58	file:/vast/home/akim/corn/analysis/data/5cv_all_sequence/./N00104.txt	6.331078546845835E-8	9.474377133731527E-8	0.003959538290551444	7.227438333200789E-8	1.3758335485118252E-7	0.03709360181255138	8.747653994365285E-8	2.1427228882785256E-7	1.0637485661551534E-7	0.13801798132914744	1.7895944762224175E-7	2.0087748067444046E-7	1.3109328819252313E-7	1.424829728524964E-7	7.69294076935332E-8	0.5414685360445782	1.1124834628532461E-7	0.02554583083184847	3.680455193043024E-4	0.16224737271612807	1.3319337313434985E-7	1.9996715370919991E-7	9.409526666891478E-8	9.54807129278578E-8	0.09129695309246046
59	file:/vast/home/akim/corn/analysis/data/5cv_all_sequence/./N00105.txt	5.048611390843211E-8	7.555181627359802E-8	1.2750245322511994E-7	0.8836871100395429	1.0971351679693789E-7	1.1936713327903025E-7	6.975668564578163E-8	5.143055628201265E-6	8.482682829388713E-8	0.07745746679044269	1.4270818140690794E-7	1.601863457533821E-7	1.0453812302827842E-7	1.1362063421290131E-7	6.134605361449648E-8	1.258063627409398E-7	8.871311011429097E-8	3.67644089143529E-8	5.104774178637448E-6	1.2098718009323566E-7	1.0621280020699181E-7	1.5946042092839402E-7	7.503467720611118E-8	7.613947786725376E-8	0.03884316661788404
60	file:/vast/home/akim/corn/analysis/data/5cv_all_sequence/./N00106.txt	6.642627662600469E-8	9.940606354629528E-8	1.6775926235454373E-7	7.583096852553965E-8	1.4435376090905664E-7	1.5705534851874835E-7	9.178121543726168E-8	0.018946072862730617	1.1160950854280833E-7	0.2715690126126984	0.012436671583577832	6.752837159670107E-6	1.375443214115148E-7	1.4949448658966245E-7	0.6970385032909732	1.655276591083674E-7	1.1672282013016824E-7	4.837216825532849E-8	1.74448328226564E-7	1.591868985529353E-7	1.3974775045210676E-7	2.0980743439077667E-7	9.872564629704336E-8	1.0017926965309636E-7	5.728336726557338E-7
61	file:/vast/home/akim/corn/analysis/data/5cv_all_sequence/./N00107.txt	5.329196219451322E-8	0.0040361956935283175	1.3458861043067758E-7	6.083708606142666E-8	1.1581102478939212E-7	0.030263122784204847	7.363352744859713E-8	1.8036406642332238E-7	8.954121790236019E-8	0.0420519497973297	0.12397556635436775	2.625953531247124E-4	5.358873283274555E-6	1.1993528664085282E-7	6.475546079731643E-8	1.3279825694604729E-7	0.006308821033916948	3.8807651021048164E-8	1.3995506273953332E-7	0.17660775496631914	1.1211575015400465E-7	1.6832269441553953E-7	7.920485201531257E-8	8.037105377868994E-8	0.6164869908103615
62	file:/vast/home/akim/corn/analysis/data/5cv_all_sequence/./N00108.txt	1.1448052070298283E-7	0.007520434031724343	2.891200392764148E-7	0.11343545776008314	2.487824781651721E-7	2.7067267639950774E-7	1.5817778547438558E-7	0.16416084487930885	1.9235030626995427E-7	0.004579195061554047	0.010384374512708969	3.632328743823637E-7	2.3704693887304698E-7	2.5764211899707375E-7	2.2688619517308358E-5	2.852740446700466E-7	2.011627010445907E-7	8.336566929049286E-8	0.5965589519422251	2.743462370777929E-7	2.4084437742766093E-7	3.6158679300429235E-7	1.7014597187883683E-7	0.10333331772706907	9.872342761442343E-7
63	file:/vast/home/akim/corn/analysis/data/5cv_all_sequence/./N00109.txt	9.049228485589133E-6	1.3611985508669158E-7	2.297180440156541E-7	1.0383773462644691E-7	1.9766815338189718E-7	0.5540960208328517	1.2567891031297241E-7	0.27587019837506127	1.5283041684945716E-7	0.018688255012516468	2.5711383168404277E-7	0.0067458650794286895	0.06061183566651349	2.0470751103998015E-7	1.1052568078451041E-7	2.2666223937312293E-7	1.5983223552584385E-7	6.623753419305144E-8	2.3887759268584854E-7	2.179796361479901E-7	0.02435772447813241	0.021795755509975676	1.3518813830742767E-7	1.3717863057236295E-7	0.037822595660890024
64	file:/vast/home/akim/corn/analysis/data/5cv_all_sequence/./N00110.txt	4.4398036147572385E-7	6.644108667214557E-7	1.1212704026814718E-6	3.065885523042936E-4	9.64832566329527E-7	0.054877128237469736	6.134478594358577E-7	1.5026300423237698E-6	7.459763284032248E-7	0.06896221248698282	1.25499122553776E-6	8.886061404264483E-5	9.193195922005188E-7	9.991921806546418E-7	0.4165777506107993	0.13699453581430723	7.801527122411429E-7	3.233101994905085E-7	0.2817712455948685	1.063974384107859E-6	9.34046884946973E-7	0.0015318108762594454	6.598630896726526E-7	6.695788265143187E-7	0.038876206235443314
65	file:/vast/home/akim/corn/analysis/data/5cv_all_sequence/./N00111.txt	2.64166785030806E-7	3.9532217600335274E-7	6.671520254680398E-7	3.015677556932624E-7	5.740720519554541E-7	6.245842548677249E-7	3.649993622973819E-7	6.252971372914049E-4	4.4385334461272034E-7	3.7932149028439523E-6	7.467154542381906E-7	8.381693239502143E-7	5.469919891957238E-7	5.945159040686298E-7	3.2099103105977734E-7	2.6675072192457024E-5	4.641881752174638E-7	1.9236845450369346E-7	6.937533813775341E-7	0.8789260151601811	5.557546776265971E-7	5.471870638435403E-4	3.92616264331886E-7	3.983970942702584E-7	0.11986165217208289
66	file:/vast/home/akim/corn/analysis/data/5cv_all_sequence/./N00112.txt	0.03252657764797849	7.121474605990461E-7	0.8476482862483831	5.432549056233286E-7	0.062194315201149014	1.1251483423748666E-6	6.575228630183074E-7	1.6105910099590988E-6	7.995732378080943E-7	6.83323254940261E-6	1.3451598387470187E-6	0.010171775158485588	9.853708689250253E-7	1.0709821433458617E-6	5.782446862843112E-7	1.185844181809185E-6	8.362051265710384E-7	3.465393916404188E-7	1.2497520726634429E-6	0.02798108675282924	1.0011562882434047E-6	1.503065570508259E-6	7.072729348516616E-7	7.176867279820828E-7	0.01945415024097432
67	file:/vast/home/akim/corn/analysis/data/5cv_all_sequence/./N00113.txt	8.980990419161195E-8	1.6819016490161903E-4	2.26814508423295E-7	1.0252527108180136E-7	1.951697143877835E-7	2.123425626076279E-7	1.2409038386148585E-7	3.039572734433085E-7	1.5089870723204793E-7	0.041369543039582464	0.556583259258409	2.849559859372122E-7	1.8596319040457114E-7	2.0212009764424656E-7	1.0912868452588966E-7	2.2379732781476565E-7	1.5781202598312292E-7	6.540032073468452E-8	1.5944658353468153E-4	0.40171541015179185	1.8894227881777159E-7	2.83664636020664E-7	1.33479419373648E-7	1.3544475268704198E-7	7.744847351386908E-7
68	file:/vast/home/akim/corn/analysis/data/5cv_all_sequence/./N00114.txt	0.0027789686060123667	1.8122002175031505E-7	0.944546078458869	1.382419670923374E-7	0.03611335439455271	2.863162734667166E-7	1.673197113379789E-7	4.0984677191733956E-7	2.0346724177695786E-7	0.0014090521820878843	3.423025549095268E-7	3.842260119387193E-7	2.5074712777675404E-7	2.7253261164208397E-7	1.4714580957334295E-7	0.004544254126132613	2.1278895117797393E-7	8.818380962503395E-8	5.9949944955060894E-5	0.008634992333306403	2.547640402709842E-7	8.352293759289119E-4	0.0010735545539173642	1.8262959801249862E-7	1.04429173547989E-6
69	file:/vast/home/akim/corn/analysis/data/5cv_all_sequence/./N00115.txt	9.018401670321119E-8	1.349592141937095E-7	2.2775932788588287E-7	1.0295235077876856E-7	1.9598271416431082E-7	2.132270976723472E-7	1.2460729528222056E-7	3.052234391297134E-7	1.5152729151646288E-7	0.06093990951954472	6.575144284257182E-4	2.8614299978110585E-7	1.8673783944638315E-7	2.0296204996626489E-7	1.0958327142944985E-7	0.006466237175871373	0.8702828006912792	6.567275258359561E-8	2.3684077665844578E-7	2.1612100884200608E-7	1.8972933756270677E-7	2.848462706119576E-7	1.3403544179988445E-7	1.3600896191392833E-7	0.061649943081421084
70	file:/vast/home/akim/corn/analysis/data/5cv_all_sequence/./N00116.txt	1.3536156027418717E-7	2.0256682363969565E-7	0.06754979515766171	1.545261715406975E-7	2.941599514618487E-7	3.2004288219552885E-7	1.8702912697330714E-7	4.5812464850415433E-7	2.2743465365143452E-7	0.03167699815860463	0.02070381680188502	0.016371206801001247	2.802838710641842E-7	3.046355747304269E-7	0.6912922309893945	3.373075135852308E-7	2.3785441326749822E-7	9.857141633501482E-8	0.05440519442957431	3.2438649368612214E-7	2.847739555313184E-7	4.2753956895939663E-7	2.0118028889509798E-7	2.0414244085544595E-7	0.11799607774052331
71	file:/vast/home/akim/corn/analysis/data/5cv_all_sequence/./N00117.txt	4.6400652379539226E-8	6.943797595339432E-8	1.1718463853976959E-7	5.297009841403446E-8	1.008352269589361E-7	0.21864343714156462	6.411180166628173E-8	2.7891642990330207E-4	7.796243100156955E-8	0.0926219006864614	0.6404703919294114	1.4722366943774526E-7	9.607863888756361E-8	1.0442617074504285E-7	5.6381778834979996E-8	1.1562579990339864E-7	8.153422526017585E-8	3.378934177956617E-8	1.2185714219399285E-7	1.1119659746576995E-7	0.0013619057811434024	1.4655648824968546E-7	6.896268506160857E-8	6.997808251365528E-8	0.046621765518070596
72	file:/vast/home/akim/corn/analysis/data/5cv_all_sequence/./N00118.txt	1.1063363973427772E-7	1.6556181048206102E-7	2.7940475872096276E-7	0.8365649089907269	2.2032206311869876E-5	2.6157728129477E-7	1.5286254835913825E-7	3.744341984041567E-7	1.8588677231700983E-7	1.5886068755653458E-6	3.1272610043905287E-7	3.5102718538750957E-7	2.290814670858736E-7	2.489845888057311E-7	1.344317609197555E-7	0.11072432843398422	1.944030448034256E-7	0.006199843013902036	2.905454660047763E-7	2.6512739956928283E-7	0.003181833164784848	0.023611747025528176	0.0196672491763053	1.6684959312178054E-7	2.2745843965481776E-5
73	file:/vast/home/akim/corn/analysis/data/5cv_all_sequence/./N00119.txt	1.3744117874889357E-7	2.0567894578094755E-7	3.4710707772873974E-7	1.5690022426667636E-7	2.986792586295532E-7	0.14752990503892996	1.8990253672844033E-7	0.09204571193224412	2.309288310719955E-7	0.1474638732913802	0.018680159170356824	4.360842710087367E-7	7.041600064645422E-4	3.09315823450809E-7	0.009245299879828377	3.4248971550051777E-7	0.0020306513638775323	0.027654282313684178	3.609472799028828E-7	0.5520010886715226	0.0026398219608261787	4.3410804515363506E-7	2.0427110910052078E-7	2.0727876988870103E-7	1.185237818463547E-6
74	file:/vast/home/akim/corn/analysis/data/5cv_all_sequence/./N00120.txt	5.951420996153793E-8	8.906224521138014E-8	1.5030286913375576E-7	6.79402852552626E-8	1.2933285548803411E-7	1.4071276401586105E-7	8.223080990693299E-8	2.014229627998112E-7	9.999584595895285E-8	8.545744618528164E-7	0.016030908801801576	1.8883140483795576E-7	1.2323198046445282E-7	1.339386567319122E-7	7.231616047427901E-8	1.483034780660981E-7	1.0457708571625952E-7	4.333874370305213E-8	1.5629589615520596E-7	1.4262251302967921E-7	1.2520612902761045E-7	0.07606268173422034	0.9079026927308548	8.975499442029317E-8	5.132267710776058E-7
75	file:/vast/home/akim/corn/analysis/data/5cv_all_sequence/./N00121.txt	1.1135067932373142E-7	1.6663485095060567E-7	2.81215638973713E-7	1.2711580850204885E-7	2.4198088703147817E-7	2.632726179648868E-7	1.538532822731769E-7	3.7686098418600385E-7	1.8709154308318184E-7	0.00914766854670424	0.0086199918991996	0.001820794022721639	2.305661916371514E-7	2.505983096212657E-7	1.3530304107370287E-7	2.7747479197664526E-7	1.9566301129977513E-7	8.108649271309652E-8	2.9242855149452496E-7	0.9732232291161295	2.3425981008114378E-7	3.517011871388906E-7	1.6549426432169733E-7	1.6793097997698937E-7	0.007184024532321424
76	file:/vast/home/akim/corn/analysis/data/5cv_all_sequence/./N00122.txt	2.14926326338E-7	3.216344666436267E-7	5.427954688780433E-7	0.029782618144993465	4.6706552137398656E-7	5.081622936495319E-7	2.969637990072853E-7	7.274077478749473E-7	3.6111946768524163E-7	0.022165235637217784	6.075283438094224E-7	0.03638724826410713	4.4503315873130006E-7	4.836986572558114E-7	0.5614837157473864	5.355749785554399E-7	3.7766390357286985E-7	1.565111420990192E-7	0.14287975159338903	5.150590556166793E-7	4.521624896692243E-7	6.788449300853549E-7	0.17839821415036047	3.2413622282322576E-7	0.02889520017457207
77	file:/vast/home/akim/corn/analysis/data/5cv_all_sequence/./N00123.txt	2.2137411004022362E-7	0.18865567641329836	5.590793175693793E-7	2.5271645534709584E-7	0.010858028965448338	5.234071480650179E-7	3.058727045658271E-7	7.492299597069374E-7	3.7195304148687455E-7	9.038796773284927E-5	0.5415916841581445	7.023933312844636E-7	4.583841408874094E-7	4.982096032724327E-7	2.6899333246405446E-7	5.516422127416225E-7	3.8899380998250066E-7	1.612064719287183E-7	5.813714898787815E-7	0.25879389081253545	4.6572735155152883E-7	6.99210258759228E-7	3.290159135398222E-7	3.338603003265707E-7	1.9090418871316326E-6
78	file:/vast/home/akim/corn/analysis/data/5cv_all_sequence/./N00124.txt	2.284826365183781E-7	0.14811111951054579	0.07466353054768293	2.608314133879153E-7	4.965253143653224E-7	5.402142334563468E-7	3.156945587065657E-7	7.732884234804819E-7	3.838967960820217E-7	3.280820265808666E-6	6.458477196270686E-7	0.03310175105444686	4.7310327765580647E-7	5.142075723027291E-7	0.47054790299840077	0.21730621797024186	4.0148475934237095E-7	1.6638296015467634E-7	6.000398636497547E-7	5.475460032983315E-7	4.806822855747679E-7	7.216625438854521E-7	0.03445150951241558	0.021805167352659263	1.9703429796582854E-6
79	file:/vast/home/akim/corn/analysis/data/5cv_all_sequence/./N00125.txt	9.782862168913159E-8	0.008603999289654302	2.470657433372619E-7	1.1167928580391452E-7	2.1259552970107275E-7	0.69352087509001	1.3516984933136397E-7	3.3109623466364427E-7	1.6437176585432548E-7	0.10879726905804382	2.7653038845734224E-7	3.1039840869698505E-7	2.025669971028861E-7	2.2016648103780187E-7	1.1887228797325625E-7	2.4377917240751395E-7	1.7190234336471171E-7	7.123961764674595E-8	2.5691699690566336E-7	2.344408819431664E-7	0.0917714250516519	3.089917600250886E-7	0.04815474421707429	1.4753799806008674E-7	0.049147824143201575
80	file:/vast/home/akim/corn/analysis/data/5cv_all_sequence/./N00126.txt	1.170513458699888E-7	2.537900132534118E-4	2.956126466535771E-7	0.014041173813043867	2.543692474430347E-7	2.7675102164318545E-7	1.6172989573088816E-7	0.0014875013963553583	1.9666980975581866E-7	0.05595833846065397	1.1858814524230472E-5	3.71389792338466E-7	2.423701696941021E-7	2.6342784428493197E-7	1.4222996351854295E-7	5.7931418336676726E-5	2.0568009956210863E-7	8.523776560312529E-8	3.0739961113062056E-7	2.805070774235741E-7	0.0014066558613536194	3.6970674582949115E-7	1.7396684501851855E-7	0.6886336549829744	0.2381453511396229
81	file:/vast/home/akim/corn/analysis/data/5cv_all_sequence/./N00127.txt	9.092456901799659E-8	1.3606744115150493E-7	2.2962958942052856E-7	1.0379775115534217E-7	1.975920398290784E-7	2.149780267895974E-7	1.2563051673912327E-7	3.0772980259230053E-7	1.527715683915434E-7	0.02624788139627623	2.5701482814263515E-7	2.884926828911951E-7	1.882712501805174E-7	2.046286869315572E-7	1.1048312207134244E-7	2.265749614376873E-7	1.5977069096698244E-7	6.621202895120477E-8	2.387856111402275E-7	2.1789570151175505E-7	0.9736666644334865	2.8718530554044035E-7	1.3513608313652894E-7	1.3712580894801407E-7	8.137747217024799E-5
82	file:/vast/home/akim/corn/analysis/data/5cv_all_sequence/./N00128.txt	6.058761155812027E-7	9.06685768129739E-7	1.5301374003002316E-6	6.916566001386881E-7	0.9697656974337199	1.4325066724353983E-6	8.371392936192374E-7	2.0505583854490452E-6	1.0179937659093654E-6	8.699876143141216E-6	1.7126190138004268E-6	1.9223717854425117E-6	1.254545993090285E-6	1.3635438178435002E-6	7.362045876139333E-7	1.509782878340131E-6	1.064632438429709E-6	4.412040369173036E-7	1.5911485761971485E-6	1.4519486059664822E-6	0.004953923154774356	1.913660072872091E-6	9.004796614368671E-7	9.137382048509762E-7	0.025245831101688265
83	file:/vast/home/akim/corn/analysis/data/5cv_all_sequence/./N00129.txt	4.7252738982903155E-8	7.07131125310146E-8	1.1933657941773475E-7	5.3942824203928104E-8	1.0268693251979925E-7	1.1172228470984324E-7	6.528913009844518E-8	1.5992460779523953E-7	7.939410792022027E-8	6.785099560841513E-7	1.335684592198163E-7	1.499272373832964E-7	9.784299600038803E-8	1.0634381923853003E-7	5.7417155622921433E-8	1.1774911477179839E-7	8.303149345570854E-8	0.9999967303747889	1.2409488742090048E-7	1.1323857589023742E-7	9.94104187525114E-8	1.492478042952479E-7	7.022909355070374E-8	7.126313743381572E-8	4.074887437544943E-7
84	file:/vast/home/akim/corn/analysis/data/5cv_all_sequence/./N00130.txt	7.495625223413981E-8	1.1217106168287123E-7	1.8930167732354404E-7	8.556862574070999E-8	1.628906129206411E-7	1.7722324532161723E-7	1.0356708646195718E-7	2.5368580739167484E-7	1.2594158364715644E-7	0.0177551708093263	0.4775890450075564	4.5793173940736126E-4	1.552067551090015E-7	1.6869147291692696E-7	9.10799012306088E-8	1.8678350794384654E-7	1.3171150923325882E-7	5.458376758451668E-8	1.9684970401088726E-7	0.36962492458288504	1.5769313235812133E-7	2.3674936744288632E-7	1.1140327023722785E-7	1.1304355725110348E-7	0.1345700387589268
85	file:/vast/home/akim/corn/analysis/data/5cv_all_sequence/./N00131.txt	1.1938128842702048E-7	3.4114368481498675E-4	3.014969060844764E-7	1.362833984541556E-7	2.594325444979522E-7	2.8225983470497337E-7	1.6494917837994233E-7	4.0015614698121353E-4	2.0058458199553617E-7	0.018766548405104673	0.0877811971378757	3.7878241884767054E-7	2.471946214654855E-7	2.686714554586839E-7	1.4506109409994605E-7	2.974862692654595E-7	2.0977422435445875E-7	8.693444919158741E-8	3.1351849366601444E-7	0.7098542110142017	2.5115462360898065E-7	3.770658707872391E-7	1.7742970785626321E-7	1.8004215940326568E-7	0.1828523461079012
86	file:/vast/home/akim/corn/analysis/data/5cv_all_sequence/./N00132.txt	8.721709855017351E-8	1.3051925956373618E-7	0.7555059291004641	9.956537368915137E-8	0.05128060658639125	2.0621224770302778E-7	1.205079031738562E-7	2.9518204825591035E-7	1.46542272127048E-7	1.2523648571668369E-6	0.15667609360603094	0.016423753681071806	1.8059444612719006E-7	1.9628490458689739E-7	1.0597814704978013E-7	2.1733631464121898E-7	1.5325600385016442E-7	6.351221805737858E-8	2.2904907225965E-7	2.0901095355919088E-7	1.032597027067839E-4	2.7547525785384434E-7	1.2962587788862944E-7	0.02000550696366391	7.52125415099876E-7
87	file:/vast/home/akim/corn/analysis/data/5cv_all_sequence/./N00133.txt	9.64495851225777E-8	1.443355562692396E-7	2.4358299270128157E-7	1.1010500400180943E-7	0.9250466906064124	2.2804113033764392E-7	1.3326443390482484E-7	0.07439616187679274	1.620547069843513E-7	1.384935670914925E-6	5.512121695705549E-4	3.0602289212113576E-7	1.9971152095123824E-7	2.170629145882466E-7	1.171966103542261E-7	2.4034275076413755E-7	1.694791300628874E-7	7.023539172568204E-8	2.5329537853687996E-7	2.3113609707231207E-7	2.029108545223289E-7	3.0463607220611377E-7	1.4334760444153015E-7	1.454582356064405E-7	8.31742690967851E-7
88	file:/vast/home/akim/corn/analysis/data/5cv_all_sequence/./N00134.txt	3.8394571655433724E-8	0.9625470090000374	9.696531774012878E-8	4.3830509591064034E-8	8.343687315426577E-8	9.077842593109509E-8	5.3049796431751225E-8	3.911281787364402E-6	6.45106047009267E-8	1.5180480277897208E-4	1.0852923849084433E-7	1.2182134163475594E-7	7.95009982866481E-8	8.640822681926524E-8	4.665353042525375E-8	9.567544489019888E-8	6.746611294419009E-8	2.7959247071223538E-8	1.0083161631918622E-7	9.201046774770196E-8	8.077458636780741E-8	1.2126927750163578E-7	5.7063696680191646E-8	5.790389500138041E-8	0.03729566008161688
89	file:/vast/home/akim/corn/analysis/data/5cv_all_sequence/./N00135.txt	4.163030305093529E-8	5.494639414313347E-4	1.0513714280181343E-7	4.752435874342376E-8	9.046857837631195E-8	9.842884603359122E-8	5.7520607914678434E-8	0.009286668654189907	6.994728441822832E-8	0.014350640670304667	1.1767562166881641E-7	0.03261162956724975	8.620100469480444E-8	9.369034510561805E-8	5.0585291781070756E-8	0.002439611030518324	7.315187034096718E-8	3.0315533640972E-8	7.258114984795378E-4	9.976471910067648E-8	8.758192536912632E-8	1.3148933704659758E-7	6.187278262464556E-8	0.891888028734199	0.048146802918074674
90	file:/vast/home/akim/corn/analysis/data/5cv_all_sequence/./N00136.txt	0.00867946158180185	1.688626066827581E-7	0.09187246942333202	1.2881523073828664E-7	2.4521595043556466E-7	2.6679233236103023E-7	1.559101601083912E-7	3.8189927127274207E-7	1.8959278610145267E-7	0.013304028018571492	0.005090129106932343	0.0037343672156944616	2.3364865099142226E-7	2.53948580093149E-7	1.3711191913018427E-7	2.811843764652887E-7	1.9827884701785365E-7	8.21705450461543E-8	0.003967681102535831	2.7041322913741147E-7	2.37391649739799E-7	8.926138382740095E-5	1.6770677145257537E-7	0.8732582301430413	9.730813565035287E-7
91	file:/vast/home/akim/corn/analysis/data/5cv_all_sequence/./N00137.txt	1.6154242228038813E-7	2.4174614490344915E-7	4.0797465968632764E-7	1.8441374350173837E-7	0.013571330864496875	0.09798826547080754	2.2320323544627328E-7	5.467325086664593E-7	2.714237689557725E-7	0.17375222641745358	4.5662903160884025E-7	6.050814089717404E-4	3.344947809859618E-7	3.6355645247475604E-7	1.9629140234881833E-7	4.0254761165252324E-7	2.838588591287046E-7	1.1763653824699184E-7	4.2424183524763567E-7	0.5382734936984861	3.39853312016449E-7	5.102318372403136E-7	2.400914345058701E-7	2.4362650902678975E-7	0.17580365204369625
92	file:/vast/home/akim/corn/analysis/data/5cv_all_sequence/./N00138.txt	0.018042865390774106	0.00847261050364587	2.843716261315908E-7	0.012597895702769682	2.4469655595625876E-7	2.662272367206229E-7	1.5557992516125926E-7	0.03268138445449596	1.8919120763054813E-7	1.6168469089658692E-6	3.182853081055005E-7	3.5726725622712947E-7	2.331537573305219E-7	3.352216199276983E-5	0.010890108081621469	2.8058879688515237E-7	1.9785887051012125E-7	8.199649875192784E-8	0.10062717882069683	2.698404640375239E-7	2.3688882799394947E-7	0.6407343265924501	1.673515499790947E-7	0.17588096837519626	3.423977156649583E-5
93	file:/vast/home/akim/corn/analysis/data/5cv_all_sequence/./N00139.txt	1.1684391241285186E-7	1.7485540319691279E-7	2.994905637415633E-4	1.3338677846518347E-7	2.539184649937236E-7	0.7377472724200116	1.614432848325298E-7	3.9545256567344477E-7	1.9632127981582614E-7	0.04400642763792631	0.007019916424026003	3.707316310162057E-7	2.419406515041758E-7	2.6296100857245035E-7	1.4197790957741287E-7	2.91163381197116E-7	2.0531560196663608E-7	8.508671083082629E-8	3.068548505079602E-7	3.480256477851901E-5	1.1753334754200723E-5	0.10458069507086144	0.07592677919060199	1.7621547380765628E-7	0.030369348324389967
94	file:/vast/home/akim/corn/analysis/data/5cv_all_sequence/./N00140.txt	4.929323544893085E-8	7.37666890924402E-8	1.244898440498194E-7	5.627221599210559E-8	1.0712122199008134E-7	1.1654674424454786E-7	6.810848495709373E-8	1.668305693132612E-7	8.28225524955336E-8	2.0126632578652207E-5	1.3933629352693258E-7	0.9999772908667957	1.0206811166271166E-7	1.1093602261151591E-7	5.989657810000417E-8	1.2283382854165368E-7	8.661700982179002E-8	3.589574487834154E-8	1.294536281983625E-7	1.1812851283136672E-7	1.0370321981583656E-7	1.5569271360171236E-7	7.326176891063132E-8	7.434046550456226E-8	4.2508517010933385E-7
95	file:/vast/home/akim/corn/analysis/data/5cv_all_sequence/./N00141.txt	7.121121816995736E-8	8.907989090037342E-4	1.798436106666221E-7	8.129336639045285E-8	1.5475212045415794E-7	0.028698696438284904	9.839257125918798E-8	2.410109208816909E-7	1.1964917298363525E-7	0.01597036476604804	2.012914572754997E-7	3.2985224452007335E-4	1.4745217070076857E-7	1.6026315248226065E-7	8.652928240290218E-8	1.7745125641008324E-7	0.0036119877788759677	5.185660256675546E-8	1.8701451581681645E-7	0.09582323737304917	1.4981432125475863E-7	2.2492067511475752E-7	0.7724337530838566	1.0739556979144071E-7	0.08223886926437683
96	file:/vast/home/akim/corn/analysis/data/5cv_all_sequence/./N00142.txt	0.46986867545922506	1.2563080522673852E-7	0.4572105453236499	9.583626287092883E-8	1.8243634818178807E-7	1.984887963135902E-7	8.383961886423892E-6	2.841263315071051E-7	1.4105369359750817E-7	1.2054589182426963E-6	2.3730129369316758E-7	2.663647360964729E-7	1.738304811280089E-7	1.8893327084087217E-7	1.0200885290649329E-7	2.0919622364280095E-7	1.475159699333583E-7	6.113343826003137E-8	2.2047029289470736E-7	2.0118267974104608E-7	0.00884690181165812	2.651576371173157E-7	1.247708841729904E-7	1.2660799416610752E-7	0.0640609359386699
97	file:/vast/home/akim/corn/analysis/data/5cv_all_sequence/./N00143.txt	1.442211227884232E-7	2.1582504431704948E-7	0.0035513134637845927	1.6464007887212353E-7	0.07509578781343658	3.4099003969211885E-7	1.992703883701661E-7	0.08826288226943303	2.4232050106518324E-7	0.03551156323503114	0.3829773844513822	4.575962151063648E-7	2.9862875769518404E-7	3.245743070626894E-7	1.7524416212680238E-7	0.022769045872995917	2.5342224537110154E-7	0.01856446761831671	3.7875273225157846E-7	0.2579697055687591	3.411945391860319E-4	4.555225024512442E-7	2.1434775935338636E-7	2.1750378740688968E-7	0.1149525723080307
98	file:/vast/home/akim/corn/analysis/data/5cv_all_sequence/./N00144.txt	2.4375294785080764E-7	3.647731327781267E-7	0.07077122548173166	2.782637091124559E-7	0.0018490157889555566	5.76318681727735E-7	3.367935545465207E-7	8.24970053018054E-7	4.095539912414585E-7	0.01594369173218352	0.041099496380657276	0.004898061192607579	5.04722460856259E-7	0.014188279388655895	0.04995743294660379	0.08603923217974838	4.2831742095642066E-7	0.014908097699141153	0.43122603544794547	5.841404599564E-7	5.128080009663621E-7	0.016349068852963496	3.622763240045823E-7	0.19639601193445635	0.05636892428361288
99	file:/vast/home/akim/corn/analysis/data/5cv_all_sequence/./N00145.txt	2.6538195731061335E-7	3.971406655981608E-7	6.702209375860851E-7	3.029549731557433E-7	5.767127944093817E-7	0.18259002542873004	0.035206195345335006	0.0037122772894706414	4.458950785143169E-7	0.05935974006442178	7.501503596551915E-7	8.420249189226497E-7	5.495081628413614E-7	5.972506886345416E-7	3.2246759596162577E-7	6.613053808592588E-7	4.663234497300141E-7	1.9325335308545504E-7	6.969446602431732E-7	6.359731850399354E-7	5.583111598071497E-7	0.7090572048803345	3.9442230668108597E-7	4.002297285480938E-7	0.010064830520351476
100	file:/vast/home/akim/corn/analysis/data/5cv_all_sequence/./N00146.txt	0.15596527737618912	4.069145155890884E-7	6.867154431157037E-7	3.104108615049505E-7	0.13114080927010785	6.428994246756258E-7	3.757025224365498E-7	9.202769045590068E-7	4.5686880139542196E-7	0.04536872574683974	7.686119721794773E-7	0.0049283285795514095	5.630318606583863E-7	6.119493562436622E-7	3.304037006793759E-7	1.0779640290304302E-4	4.777999260511892E-7	1.9800942428873036E-7	7.14096851270841E-7	6.516248345618261E-7	5.720515042163453E-7	0.0014469629407073807	4.0412925636545094E-7	0.6335279056563609	0.027505102530180785
101	file:/vast/home/akim/corn/analysis/data/5cv_all_sequence/./N00147.txt	6.878376654578704E-8	5.488175835976942E-4	1.7371309252596315E-7	7.852223398533373E-8	4.079500652089852E-5	0.07203081533293045	9.50385602894645E-8	1.8991193345512168E-4	1.1557056589399707E-7	0.21066676758706943	0.45692368966732244	4.6086757803974634E-4	1.424258136119072E-7	1.5480009399533473E-7	8.357966782664387E-8	1.7140228896290867E-7	0.009199559064498413	5.0088912062933533E-8	1.8063955549694823E-7	0.09010452970163686	1.447074430577604E-7	2.1725356771022303E-7	1.0222945123375062E-7	0.03834238665600206	0.12149008113391369
102	file:/vast/home/akim/corn/analysis/data/5cv_all_sequence/./N00148.txt	0.005130596752290433	2.1299633580084989E-7	3.5945602213219277E-7	0.16099270081496034	3.0930529824653656E-7	3.36520857571626E-7	1.966586532659627E-7	4.817120085024393E-7	2.391445301430789E-7	0.006113732626560387	0.0021310828488774183	2.5276902929612316E-4	2.9471478324079427E-7	3.2032027755729484E-7	1.7294732648666165E-7	3.546743891267224E-7	2.501007695621005E-7	1.4121281571666417E-5	3.7378861382572966E-7	3.410881076030746E-7	2.994360476697463E-7	0.742458506611987	2.1153841285594967E-7	0.08290050822728576	1.2274047371586317E-6
103	file:/vast/home/akim/corn/analysis/data/5cv_all_sequence/./N00149.txt	9.152615556305159E-8	1.3696770763284074E-7	0.020209770362724703	1.0448451086370726E-7	1.9889937308184992E-7	0.011285828842727084	1.2646172913127225E-7	0.28038287767227427	1.5378235481598179E-7	0.035895330809118046	2.5871532190532353E-7	0.004525352259313811	1.895169140550073E-7	2.0598257693202484E-7	1.1121411436981167E-7	9.242141501088943E-6	1.6082778586463165E-7	4.513698733906225E-5	2.4036549446952067E-7	0.6450288576350203	1.9255293232044194E-7	2.8908541700224384E-7	0.002614215589514408	1.3803307793519597E-7	7.892850013321047E-7
104	file:/vast/home/akim/corn/analysis/data/5cv_all_sequence/./N00150.txt	3.273201067783905E-7	3.873281718609635E-4	8.266454550224877E-7	3.7366238144938315E-7	7.113132157119461E-7	0.558724285221953	4.5225833454910403E-7	1.107799057298454E-6	5.499636304982067E-7	3.6936572440475975E-5	9.252298020200242E-7	1.038547191244206E-6	6.777592280936813E-7	3.297317296272191E-5	3.977291034114662E-7	0.012057277294237893	5.751598296497727E-7	2.3835722973878063E-7	0.0113481176252705	3.302093299805582E-5	0.20718485704850273	0.18890709063395417	4.86477501511249E-7	4.936403318893192E-7	0.021278931463420515
105	file:/vast/home/akim/corn/analysis/data/5cv_all_sequence/./N00151.txt	2.2111378736774976E-7	3.308939220211503E-7	5.584218738328553E-7	2.5241927595686755E-7	4.805117555374853E-7	0.1418972836164494	3.0551301661552923E-7	7.483489102229983E-7	3.715156470247261E-7	0.13495317912748345	6.250183275440236E-7	7.015673588656719E-7	4.5784510863764103E-7	4.976237386681551E-7	2.68677012442838E-7	0.6360534346906699	3.8853637659893096E-7	1.6101690278901654E-7	0.0022000240339498213	0.04675503349206488	4.651796841265619E-7	6.983880294427633E-7	3.2862901056420527E-7	3.334677006427226E-7	0.03813285035194371
106	file:/vast/home/akim/corn/analysis/data/5cv_all_sequence/./N00152.txt	6.226563987174823E-8	9.31797244739536E-8	1.5725159297621795E-7	7.108126508311141E-8	1.353121045983333E-7	1.4721812312105312E-7	8.603246181603121E-8	1.0445998987828155E-4	1.0461880174793255E-7	0.004839285968828037	1.760051535428349E-7	8.525885273565959E-4	1.2892917710309546E-7	1.401308388427684E-7	7.565944348264102E-8	0.08223442029657592	1.0941183899196119E-7	4.534235789489941E-8	0.822048464052596	1.4921616265508505E-7	1.309945934728388E-7	0.01852590248099729	9.254192543483269E-8	0.07131271652015672	8.025697240601451E-5
107	file:/vast/home/akim/corn/analysis/data/5cv_all_sequence/./N00153.txt	1.604879029935378E-7	2.4016807043406966E-7	4.0531147597821963E-7	1.832099244272335E-7	0.03957819978775676	0.2555967967508774	2.2174620568688936E-7	5.379420991778591E-4	2.696519644029308E-7	1.811032360060395E-5	0.0024029430075669287	5.092087452954938E-7	3.323112604411959E-7	3.611832226718248E-7	1.9501004809711316E-7	0.6062338168734241	2.820058805892656E-7	1.1686862851363124E-7	4.2147246240276825E-7	0.01684942181776179	3.376348119644982E-7	0.0015020627507160923	2.3852416168229833E-7	2.4203615988549206E-7	0.07727618975819305
108	file:/vast/home/akim/corn/analysis/data/5cv_all_sequence/./N00154.txt	4.726893158284207E-7	0.018016871665933038	0.6919708734737948	5.396130936670832E-7	0.018482725474747216	1.1176056977647658E-6	6.531150342085568E-7	1.5997941086592192E-6	7.942131474578702E-7	6.787424683259797E-6	0.004563568960558146	0.06419863301441513	9.787652490315985E-7	1.0638026120904797E-6	9.368116052295704E-5	1.1778946511655517E-6	4.7383995572048667E-5	3.442162993190746E-7	0.04231827843322209	1.1327738056053826E-6	9.944448478075162E-7	1.4929894863182467E-6	7.02531597030669E-7	0.16028405566378265	4.076283822675044E-6
109	file:/vast/home/akim/corn/analysis/data/5cv_all_sequence/./N00155.txt	0.9688857241129697	1.0354991043561328E-7	1.7475248462552127E-7	7.899206264624372E-8	1.5037130009896497E-7	1.6360236682117892E-7	9.560721246922742E-8	0.005806433479170244	1.162620689429899E-7	0.02082698541011934	2.591575333782622E-4	2.195484182101313E-7	1.4327800191440505E-7	1.557263223663227E-7	8.407975705514989E-8	0.004177637410653993	1.2158853433163205E-7	5.038861324674552E-8	1.8172039128267435E-7	1.6582277277283692E-7	1.455732832248682E-7	2.1855347918261287E-7	1.0284112927372701E-7	4.099308274942918E-5	5.967128501208547E-7
110	file:/vast/home/akim/corn/analysis/data/5cv_all_sequence/./N00156.txt	4.630859670877232E-8	0.4225407856489152	1.1695215235797804E-7	5.28650094187288E-8	0.02003551858632301	1.0948999650332872E-7	6.398460830576193E-8	0.11187103469953485	7.780775895468184E-8	0.025937706129315067	1.3089966939822357E-7	1.4693158790552885E-7	9.58880255428024E-8	1.0421899647699759E-7	5.626992130273603E-8	0.41150379294661404	8.137246702161937E-8	0.007662110243572977	4.2883303979030917E-4	1.10975991141467E-7	9.742413010864562E-8	1.4626573035859563E-7	6.882586788543385E-8	1.3752118753121806E-5	4.960106672049972E-6
111	file:/vast/home/akim/corn/analysis/data/5cv_all_sequence/./N00157.txt	3.640328211999045E-8	5.447704070615975E-8	9.193632498954749E-8	4.155729149489393E-8	7.910951735320989E-8	8.607030908523313E-8	5.029843081059077E-8	0.15498929566845387	6.11648376685735E-8	0.04788117037861442	1.029004965208617E-7	1.1550322028760403E-7	7.537777203044135E-8	8.192676523699856E-8	4.4233899656586366E-8	0.7919076410919725	6.396706193488453E-8	2.6509173435516732E-8	9.560210251655441E-8	8.723845249456892E-8	7.658530695592967E-8	0.005220199067379709	5.410415481909907E-8	5.490077723743118E-8	3.139273620727577E-7
112	file:/vast/home/akim/corn/analysis/data/5cv_all_sequence/./N00158.txt	8.548275307588187E-8	1.2792383400045582E-7	2.1588630777525006E-7	0.6857511763443345	1.857661986511673E-7	2.0211163802336145E-7	1.1811155727425348E-7	0.0077793302037024135	1.4362822281010412E-7	6.85784644906716E-5	7.074271681333337E-4	0.0010105362772970155	1.7700325626270818E-7	0.007855003151979343	1.0387073092650856E-7	0.04430033549380109	1.502084494015072E-7	6.224925322845034E-8	0.014522784600158224	2.0485469053956947E-7	1.7983880854960862E-7	0.1069620822549355	1.270482175627944E-7	0.12889311165510364	0.002147550402146064
113	file:/vast/home/akim/corn/analysis/data/5cv_all_sequence/./N00159.txt	1.5377474935032566E-7	2.3012192286192136E-7	3.8835743669646493E-7	1.7554631646239625E-7	3.3417443411056583E-7	0.8595376843216481	2.1247063836493767E-7	0.043692973449006835	2.5837251571262213E-7	2.2080772601624636E-6	4.346722915907154E-7	4.879087190637748E-7	3.1841079500361675E-7	3.4607505300969084E-7	1.8685284502805178E-7	0.055096793602139246	3.055960516980743E-5	1.1198005408123255E-7	4.038424146314626E-7	3.6851268305546255E-7	0.029365892446939042	0.012267690874312545	2.2854677824638841E-7	2.319118707757403E-7	1.3260920061501287E-6
114	file:/vast/home/akim/corn/analysis/data/5cv_all_sequence/./N00160.txt	5.383189240487294E-8	8.055873050577134E-8	0.9734401516637726	6.145346007585917E-8	1.1698437004450356E-7	1.272777438764536E-7	7.437954925615862E-8	1.8219143408469375E-7	9.044840928032871E-8	7.729811168146811E-7	0.01699740551580236	2.8646265515671265E-4	1.1146599639798698E-7	1.2115041706350812E-7	6.541153402356809E-8	1.341437092029294E-7	9.459223990255554E-8	3.9200832700170465E-8	1.4137302453628704E-7	1.2900515323799284E-7	1.132516565472491E-7	1.7002806430738888E-7	8.000731997950664E-8	8.118533717503348E-8	0.00927313924327685
115	file:/vast/home/akim/corn/analysis/data/5cv_all_sequence/./N00161.txt	1.5544384169996154E-7	0.01837112908559244	3.925727219058562E-7	1.7745172040583975E-7	3.3780160953289186E-7	3.675245395844338E-7	2.1477682399369298E-7	0.2597343839591292	2.61176926652351E-7	2.232044035448476E-6	4.393902846263595E-7	1.580228493587498E-5	3.218668697117684E-7	3.498313993917771E-7	1.8888097159279432E-7	0.19434916287933204	2.7314256491058494E-7	1.131955010409476E-7	0.06987105111772789	3.725125705703523E-7	3.270231044486825E-7	4.909694668351688E-7	2.3102745651584818E-7	2.3442907422388051E-7	0.4576509896117995
116	file:/vast/home/akim/corn/analysis/data/5cv_all_sequence/./N00162.txt	6.170223624285254E-8	9.233659823263886E-8	1.5582871964969447E-7	7.043809426246604E-8	1.3408774826117463E-7	1.4588603651636305E-7	8.525400677582253E-8	0.9536418992843559	1.036721703043802E-7	0.026064373833634445	6.251234190395129E-6	1.9577374813361614E-7	1.277625759664166E-7	1.388628807315721E-7	7.497484753042488E-8	4.8768328618701855E-5	1.084218382907849E-7	4.493208267676479E-8	1.6204207893525496E-7	1.4786599701472667E-7	1.298093036487829E-7	1.9488655001955243E-7	9.170457024628294E-8	9.30548162073549E-8	0.020236348022300888
117	file:/vast/home/akim/corn/analysis/data/5cv_all_sequence/./N00163.txt	2.413370117411998E-7	3.611577156475292E-7	6.094955358780986E-7	2.755057225987927E-7	5.244597027098301E-7	0.23228891158053275	3.3345545456829965E-7	0.002425191169710298	4.0549473253300647E-7	0.021038478369013312	6.821829486466371E-7	0.0029955811391969792	0.057805190730766495	5.431367599973216E-7	2.932504032354388E-7	0.20283992420287383	0.015877699399174793	1.7574362332410707E-7	6.337979543017956E-7	0.3188771139598236	5.077253491348498E-7	0.007986936679064027	0.12050602621231866	3.6396689389375306E-7	0.017352995847717025
118	file:/vast/home/akim/corn/analysis/data/5cv_all_sequence/./N00164.txt	8.433537845907426E-8	1.2620680273115938E-7	0.2381877847780506	9.627565707959485E-8	1.8327279017608008E-7	1.993988362606063E-7	1.1652622926489701E-7	2.85429006098683E-7	1.4170040262205732E-7	1.2109857579961828E-6	2.3838928284293396E-7	2.675859765635732E-7	1.7462746657390573E-7	1.897995002048407E-7	1.0247654747071207E-7	2.1015535546190417E-7	1.4819230747963517E-7	6.1413725469931E-8	0.4537667738401571	2.0210507072034772E-7	1.7742495924525153E-7	3.2419549074699333E-4	1.253429390744799E-7	1.2718847192829165E-7	0.3077167770585815
