0	file:/vast/home/akim/corn/analysis/data/nonde_data/family_res/../family/N00001.txt	0.01718490790488192	9.984494086063987E-5	0.01947271154454552	0.39846586786268695	2.267915450485992E-6	6.268581377828758E-7	0.03296840814224348	0.017538695257677206	1.0843048135750846E-5	9.81787192959587E-7	1.101792948521496E-6	0.01606056650367459	8.674886917491097E-7	1.3731754756715492E-6	8.650473443811703E-7	8.843898884311615E-7	0.3632229768302792	0.11196243369387751	0.016456656504612536	0.006547119311394654
1	file:/vast/home/akim/corn/analysis/data/nonde_data/family_res/../family/N00002.txt	0.06295846577284168	0.6298059424877419	0.020796149057148057	0.0029094387014638417	2.2833347379540343E-6	6.311200717214114E-7	0.14488278839374175	0.0041991318168821375	9.913948779331786E-7	1.091383610007563E-5	0.018660812127051982	1.3263794496339887E-6	8.73386644210472E-7	1.3825115324451419E-6	8.709286984120807E-7	0.01871022011515802	0.05716224044627857	0.004517227224480137	0.035377126806247224	1.1841588522405854E-6
2	file:/vast/home/akim/corn/analysis/data/nonde_data/family_res/../family/N00003.txt	0.14380347672952876	0.0069438038951409025	0.5617732554275155	3.9186273897727237E-4	0.029119964122969653	6.208902097489955E-7	0.0033708221719332882	6.873522757018094E-7	0.12149079586667506	9.86173691084562E-5	1.091303460344363E-6	1.304880087942329E-6	8.592298692651672E-7	0.0011340412775997974	1.0621304654774312E-5	8.7597016012275E-7	1.979808801716585E-6	0.005352105064305108	0.12392422350892927	0.0025789910877972444
3	file:/vast/home/akim/corn/analysis/data/nonde_data/family_res/../family/N00004.txt	0.16504616685622145	0.023983586197988047	0.19766328276543835	1.1111512339504456E-6	0.18320256928504738	5.377165699679299E-7	1.7945456503170967E-6	2.5964638076587285E-5	0.006224794966150363	0.03716695840000599	9.451138772629891E-7	1.1300800593899767E-6	4.066539303530834E-4	0.0037896693881915872	0.0013453182528193805	0.22555976160986524	1.7145962061178753E-6	1.00717175502569E-6	0.154256817571066	0.0013202157634244714
4	file:/vast/home/akim/corn/analysis/data/nonde_data/family_res/../family/N00005.txt	0.027208382311424206	0.17198007881387192	1.261706282043657E-4	0.19741617163169187	0.05465459959105051	0.006012079270737328	0.03450390980650223	0.015202056951869722	8.843293765443682E-7	0.006906600005824601	9.89487003007458E-7	0.007004289764615262	0.002408926982758791	0.051829534340196416	0.04439215061387048	0.08637539380843776	0.09750522529381796	1.0544585000489E-6	0.16889183988987688	0.027579662020370065
5	file:/vast/home/akim/corn/analysis/data/nonde_data/family_res/../family/N00006.txt	0.05519131960350048	0.08414883493710931	0.15515856878962667	0.30759654815545295	0.029230024191879218	0.026995208074514353	0.01077748855743027	0.02609265928090026	0.030959594989356153	9.267074280650106E-7	1.039980676980117E-6	0.011753811762979242	0.007342684497579239	0.020649711772930294	8.165168637506761E-7	8.569205058489047E-4	0.0497851330483522	0.13847297535194852	0.030105480871684884	0.014880252403938211
6	file:/vast/home/akim/corn/analysis/data/nonde_data/family_res/../family/N00007.txt	0.0464991411197984	0.2551364293857509	0.06695003586627529	1.178553910381826E-6	0.08596502842236159	5.703345744932766E-7	3.778110142998659E-5	0.014504190902060052	0.006118043461399278	0.013419152404841084	0.001884581602750591	1.198630962504948E-6	7.89267561615076E-7	0.023599805379870942	3.954417270858378E-4	0.2715949803877962	0.11219138102781723	1.068267013565312E-6	0.10161740722752602	8.179492921403331E-5
7	file:/vast/home/akim/corn/analysis/data/nonde_data/family_res/../family/N00008.txt	0.005250826047270519	0.04240185629999178	0.05645882577202895	0.5359772909514293	0.004444482846691856	0.003742992185830949	0.023243663982978186	6.842521177302231E-7	9.709263008852498E-7	9.680542180878581E-7	1.0863813654570623E-6	1.101944689801E-5	0.002664259256593226	0.0086136746148024	8.529472950747302E-7	1.0592471478271397E-5	0.2105469654759302	0.062270374491947805	0.028240944141045072	0.0161176694537862
8	file:/vast/home/akim/corn/analysis/data/nonde_data/family_res/../family/N00009.txt	9.22260361752992E-5	0.08437232241291547	0.10225113889087852	0.13885678033287885	0.051271421901867086	0.004818680106868344	0.020161884335732065	0.14418150094299298	0.024634820979808934	2.8071700951691035E-5	0.013866646727600919	0.022198904766873567	0.05577125905772612	0.046579287916073485	4.445674526650056E-4	0.019255116210071588	0.0911292136482659	0.011530113769781244	0.11901543196851672	0.049540610841356206
9	file:/vast/home/akim/corn/analysis/data/nonde_data/family_res/../family/N00010.txt	1.8684583046169489E-6	1.304263596788021E-6	1.350651689012784E-4	0.10640462524298694	2.6735928123521665E-4	6.4812871158584E-7	0.025005253401147863	0.6835850044224554	0.07621304693971921	1.120796318631973E-5	0.014556546048722016	0.005138564549876833	0.00963315147047149	1.4197701173284293E-6	8.944001632610476E-7	9.143990392399942E-7	0.027339322422635107	1.2139795728619303E-6	0.04386306277501655	0.00783952691414002
10	file:/vast/home/akim/corn/analysis/data/nonde_data/family_res/../family/N00011.txt	0.23096689240033608	0.019415920754419246	0.11774745453449958	1.0939099276285214E-5	6.990494909048035E-5	6.147969812849565E-7	1.1720456682165918E-5	6.806068086524556E-7	0.008963820168943851	0.06924795677139753	0.007678002282693505	1.0960741504532314E-5	8.507976475706496E-7	0.001645020164164256	8.484032733069832E-7	0.24188191257841743	0.0047299385985740145	1.1515474679573222E-6	0.297614256815681	1.1535321412511367E-6
11	file:/vast/home/akim/corn/analysis/data/nonde_data/family_res/../family/N00012.txt	0.22551638929625256	0.11593811845871135	0.11827188032409439	0.025993304947523613	0.07862634641676779	5.885850067931808E-7	0.008925174242777341	6.515890209104917E-7	0.05125384303440226	9.218436944623843E-7	1.0345224397722077E-6	1.2369865772828202E-6	0.001454075892273975	1.289335573651457E-6	0.08244793968046028	8.303930301218711E-7	1.8767984399023467E-6	1.1024510446257057E-6	0.2915437779671323	1.9617234776571426E-5
12	file:/vast/home/akim/corn/analysis/data/nonde_data/family_res/../family/N00013.txt	4.156795417971122E-5	0.004969580005678691	0.07487490321638701	0.06775909738299418	0.003261496317446234	6.318349883472863E-7	0.016417400037039075	0.7025294623409006	9.92517904616688E-7	0.016883301969612834	0.005108531710139248	6.094758430785485E-5	2.074761011739717E-5	0.0037474887098297776	8.719152640979858E-7	0.08477017156389727	2.0147079975188433E-6	1.1834605620175076E-6	1.3034517408076493E-5	0.01953657464334541
13	file:/vast/home/akim/corn/analysis/data/nonde_data/family_res/../family/N00014.txt	0.009038693519054312	0.40192288007491567	0.37909933362615733	0.09014321516549563	0.01172272365717268	6.029681182111582E-7	0.006421759118030719	2.911542964355247E-5	9.471723856303225E-7	9.443705689399588E-7	1.0598028178720697E-6	1.2672145232179991E-6	0.0014327129622237547	1.3208427595242818E-6	0.008630033841899172	8.506851465283488E-7	2.9588447958635674E-4	1.129391377839611E-6	0.0850148176814806	0.006240707996642376
14	file:/vast/home/akim/corn/analysis/data/nonde_data/family_res/../family/N00015.txt	0.23150738255953168	0.06448080528491569	0.042576967981610536	1.298851279285163E-6	2.2740356286014898E-6	6.285497720347427E-7	0.015936639946876236	0.1706742731596402	1.0872309096908586E-5	9.844366358614993E-7	0.009045835639342742	0.06834587754227735	0.00453806269390286	1.1999630240241712E-4	0.0014440703407412898	0.1318167186812521	0.09928645984945511	0.11502247614810278	0.04518719635128953	1.1793362467440143E-6
15	file:/vast/home/akim/corn/analysis/data/nonde_data/family_res/../family/N00016.txt	0.028883055519904905	0.26331242690774226	0.03122047604217501	0.0023090679153223615	0.016813427661983765	6.139955512746192E-7	0.00999607467613266	0.06400106756473346	2.0276621515677713E-5	9.616417693924528E-7	0.002183349500892566	1.0946453426606295E-5	8.496885745136181E-7	0.010265740333953341	8.472973214809423E-7	0.21208664153426907	0.21857660768264503	0.03568030410304594	0.10233796975469578	0.0022992951043449028
16	file:/vast/home/akim/corn/analysis/data/nonde_data/family_res/../family/N00017.txt	0.031407750147962425	0.20789392076215724	0.007770024101780124	1.6887171570660728E-4	0.04984014240292107	0.0021334462665069734	0.011970174889087514	0.20157864645994922	0.0027671209108509637	0.00596174232639529	0.017594758283692048	1.2446480504540208E-6	0.02837057237942204	0.022410235358958766	0.005635649977349825	0.06800069281513017	0.05773796776416054	0.06302741173186124	0.20492453909071084	0.010805087967346654
17	file:/vast/home/akim/corn/analysis/data/nonde_data/family_res/../family/N00018.txt	1.6955471153982955E-6	1.1835642110870117E-6	0.009270412801415424	0.5994395482622445	2.1278710393960346E-6	0.0044311428959786766	0.020795046511388627	0.0242438327156161	9.238945189656398E-7	9.211615601899774E-7	1.0337569269027465E-6	0.002258136610177335	0.047543718716511287	0.02515093004277817	0.10187582202294049	8.29778566358853E-7	0.09328401448797699	0.016215637064545107	4.913167120205545E-5	0.05543391062328681
18	file:/vast/home/akim/corn/analysis/data/nonde_data/family_res/../family/N00020.txt	0.11195394612018787	1.2415699768527227E-6	0.34673589875534755	3.0383659368567647E-5	0.024929006142162417	6.169743228461831E-7	0.0473231477003443	6.830172197905121E-7	9.69174030256477E-7	0.08486261102365662	0.0018058255500758888	1.2966503514029499E-6	8.538108000984607E-7	1.3515243054001607E-6	0.015700158651410306	0.2909231999144796	1.9673223633173567E-6	1.1556257445885255E-6	0.07214415566560313	0.0035815311482491514
19	file:/vast/home/akim/corn/analysis/data/nonde_data/family_res/../family/N00021.txt	0.24297028377965207	1.2731321100173224E-6	0.23190703678483954	1.3073416966074436E-6	2.2889006957577446E-6	6.326585179377658E-7	0.005922104587725164	0.010089562720943203	9.938115459607208E-7	0.04702265105113019	1.1119879473070354E-6	0.0016430083959314585	8.75515650145167E-7	1.385881603738161E-6	0.00463737191831948	0.2509290071994622	0.00960335082381632	1.1850030767720898E-6	0.19526338145992583	1.1870454102624576E-6
20	file:/vast/home/akim/corn/analysis/data/nonde_data/family_res/../family/N00023.txt	0.08568803473664562	1.261422392423402E-6	0.4955472612859986	0.01337867807427396	0.009239266848564982	6.268395989739367E-7	0.001569522973564476	6.939385065016998E-7	0.01163349141606304	9.817581574185419E-7	0.0062511096217492445	1.3173834893700676E-6	8.674630364913348E-7	1.373134865147016E-6	0.06794259085877667	0.23223698089136066	0.0033931702373035367	1.1741039318461644E-6	0.0731104208842402	1.17612748083788E-6
21	file:/vast/home/akim/corn/analysis/data/nonde_data/family_res/../family/N00024.txt	0.14046113801714247	1.185318405019531E-6	0.473838720693154	0.06779932051505719	0.026874968544785653	5.890211860211503E-7	0.0012525114632279404	0.06923456714401861	0.08984568607259595	9.225268397452549E-7	1.0352890872299055E-6	0.005966804040064655	8.151273586097731E-7	0.006541181118043904	0.008050621797469666	0.0182495348740847	1.8781892678798227E-6	1.1032680315349355E-6	0.040798467589688185	0.051078949390490964
22	file:/vast/home/akim/corn/analysis/data/nonde_data/family_res/../family/N00025.txt	0.024623592784467747	0.21059787866633514	0.04674081498610862	0.05480338196394514	2.251292128373002E-6	6.222634053199523E-7	0.0071361352895762415	6.888724625011187E-7	0.00463958347395792	9.745909084810461E-7	1.0937170482134976E-6	1.1093854623662749E-5	8.61130190179207E-7	1.3631104010476893E-6	8.587067373512419E-7	0.12385361510022684	0.4651152026842729	2.94748190172074E-4	0.041456922237136096	0.020718317085896068
23	file:/vast/home/akim/corn/analysis/data/nonde_data/family_res/../family/N00026.txt	0.017421508791563536	0.19618622492248997	0.029842416641819275	0.05900480267265978	0.009040507433101022	0.0013926318163667059	0.30536168817356507	0.09642178486441855	9.791592591028518E-7	0.00491221746858773	1.0955933235449566E-6	1.310009510943228E-6	0.1290263251828747	0.007226085545925319	1.0663056509905819E-5	8.794135581245697E-7	2.666652611099123E-4	1.580135584839384E-4	0.14290939212806633	8.148083068065694E-4
24	file:/vast/home/akim/corn/analysis/data/nonde_data/family_res/../family/N00027.txt	1.7887809791669363E-6	0.1541808742458689	0.0029396683330963707	0.44794188558709347	0.0012122621921453875	6.204903307030997E-7	0.07769689224787968	0.015067354120167359	9.746971507153341E-7	9.718139134225717E-7	1.0906006156551518E-6	1.304039691047062E-6	8.586764895936374E-7	0.01300904536087872	8.56259942141527E-7	0.0212347276405918	0.19780077669327964	1.0920415566367686E-5	0.06889596358985292	1.1642144668726377E-6
25	file:/vast/home/akim/corn/analysis/data/nonde_data/family_res/../family/N00031.txt	1.8040971098467094E-6	0.13953769154590798	0.0344584614698141	0.00369195208933672	0.0020690330903558175	6.258031728572076E-7	0.01967576097032181	6.927911380318079E-7	9.830428280830078E-7	9.80134903564883E-7	1.0999386965847662E-6	1.315205307493291E-6	0.001044092281699134	0.002599594739747915	0.005098893770978835	0.13530535955630738	0.46410973519018417	0.040106332358190826	0.1522747342269386	2.085769706019189E-5
26	file:/vast/home/akim/corn/analysis/data/nonde_data/family_res/../family/N00032.txt	0.13037523158936515	0.0870249571349639	0.2865410408743134	0.0736132995606724	0.016400877829880832	7.866579571140727E-4	0.031001269105309193	0.03378046811356083	0.03958757809719986	0.032631181435307605	1.0981122537463582E-6	0.004855067988711238	0.012174553668616965	1.3685881892803687E-6	8.621575316945098E-7	0.013009730781004916	0.03251429011005359	0.11865288071235988	0.08704641395046253	1.172233128892593E-6
27	file:/vast/home/akim/corn/analysis/data/nonde_data/family_res/../family/N00033.txt	0.04942554400472932	0.04258674448054671	0.6328789858805002	0.06523509805923816	0.04821483926455081	0.02020800064221827	1.9770482692180068E-6	6.558140923923142E-7	9.305738839465815E-7	9.278211670396976E-7	1.041230550432942E-6	1.2450075176967206E-6	8.198053265964025E-7	0.028248813503115897	8.1749817309072E-7	2.8785166504225578E-5	0.011367973824527632	1.974252561606976E-5	0.09842201965852347	0.003355038190948857
28	file:/vast/home/akim/corn/analysis/data/nonde_data/family_res/../family/N00034.txt	1.7650127496235552E-6	1.2320541868728895E-6	0.5507165670827834	1.2651599926709821E-6	0.049387012571978216	0.0019070637780184405	0.00927433027325698	0.2144187039170475	9.617459700602991E-7	9.589010434643747E-7	1.0761093805207553E-6	0.04077816671063016	8.472669206492768E-7	1.3411657902277586E-6	8.448824828043308E-7	8.637741385580392E-7	0.03960414998506919	1.1467686587328669E-6	0.07260221677342046	0.0212994860664814
29	file:/vast/home/akim/corn/analysis/data/nonde_data/family_res/../family/N00035.txt	0.008592663821150688	1.2620818011339323E-6	2.220165494532861E-5	0.1657525377586187	0.0013732552049897883	0.004537703704709524	0.3350750585725939	6.943012629411829E-7	0.001973627158430423	9.822713716158835E-7	1.0965546173253811E-5	1.3180721517508983E-6	0.003956015071958246	6.0553111855436895E-5	0.0011154081885811173	8.848260345847204E-7	0.409542199796365	0.044237670957638024	0.02374382115706683	1.1767423016229056E-6
30	file:/vast/home/akim/corn/analysis/data/nonde_data/family_res/../family/N00036.txt	0.008294905456200246	0.47045843608986343	0.0415615071174714	0.04934108941189132	0.017855813417555166	5.410480684610139E-4	0.15242908075237263	9.974135562773866E-6	9.307473094039354E-7	9.279940794897592E-7	0.03114246331894674	4.7836235793528434E-5	0.039016120218921736	0.055556401867815845	8.176505253079916E-7	0.040767957653132486	0.020259654490173196	1.1098064113098963E-6	0.06932098932127594	0.003392936246236982
31	file:/vast/home/akim/corn/analysis/data/nonde_data/family_res/../family/N00037.txt	1.1493486818884004E-5	0.07550034084660061	0.04198199517242605	0.3440743557709348	0.01666001822112914	9.524909723702136E-4	0.24898493496167606	6.837270729602471E-7	1.0683174720483579E-5	9.673114044507646E-7	1.0798541193326919E-5	3.043697825871459E-5	0.004507683652953502	0.012861356239599745	8.522928060278719E-7	8.713501573406811E-7	0.17649677311181072	1.1568267752127242E-6	0.07790123554730732	1.0871813984367165E-5
32	file:/vast/home/akim/corn/analysis/data/nonde_data/family_res/../family/N00038.txt	1.1269100583858195E-5	0.03365679970389605	0.03830537444755078	0.5366049222798988	0.02167737551675982	0.0016291014179449863	0.059437358163750176	2.958947744177793E-4	9.512405277662858E-7	9.484266771645578E-7	1.0643547120833107E-6	0.002334497719911107	0.011914570882898677	0.02826668156053326	8.356535757492098E-7	0.03078037843067803	0.0690749161413331	4.8751080170928586E-5	0.1617097509563868	0.004248558147793046
33	file:/vast/home/akim/corn/analysis/data/nonde_data/family_res/../family/N00040.txt	0.11180336507588332	2.9854090534186592E-5	0.4103011530233563	0.14662992226977875	0.005537874081084536	0.0012986280336448025	0.0034475079938594754	6.718503391193602E-7	0.07488532035078023	9.505086471134311E-7	2.015523743651085E-5	1.2754509741006251E-6	8.398515571333059E-7	0.0021010695176124448	1.0381761123747124E-5	0.020845548742504976	1.2601070870445484E-4	2.976955143338652E-5	0.21588488963548924	0.007044812265256119
34	file:/vast/home/akim/corn/analysis/data/nonde_data/family_res/../family/N00041.txt	0.19359078924330703	0.03397256527850528	0.12798021984032512	0.01245465952676684	0.09270724324070344	5.746538902267561E-7	6.074204504263398E-4	6.361666732479794E-7	0.006055929016972315	0.0510709802419793	1.0100365073534214E-6	1.2077085562657386E-6	1.8154229931058178E-4	1.2588185133076346E-6	0.01049315951409475	0.4413399307897585	0.01790482811392405	1.0763573218257735E-6	0.011028387857859282	6.065808446049104E-4
35	file:/vast/home/akim/corn/analysis/data/nonde_data/family_res/../family/N00042.txt	9.770708114057057E-4	1.260540112646481E-6	0.1834705043390214	0.18243495457927864	2.2662621719813655E-6	6.264011670062867E-7	0.02497478496707005	0.029386708263929053	0.06098952494550394	1.083223300275649E-5	1.1009897569395745E-6	1.3164620685850061E-6	1.0718017823547776E-5	1.3721744500396096E-6	0.471438050063723	8.837451806260538E-7	1.997381379786837E-6	1.173282725435613E-6	0.0431905633569261	0.003104291183302768
36	file:/vast/home/akim/corn/analysis/data/nonde_data/family_res/../family/N00043.txt	1.7906156644541313E-6	0.0797587072294516	1.4897458671050664E-4	0.33193492180053863	0.008686188336273597	0.0017588994261442503	0.010991312285419687	0.018345391204536106	0.008743526129988565	9.728106663563368E-7	1.091719203636046E-6	0.00872431938477425	0.002726190921271704	0.007024705605293027	0.007971718762122304	4.9717367742197884E-5	0.3669644298605809	0.010033117922805262	0.13535140160029951	7.82622430513356E-4
37	file:/vast/home/akim/corn/analysis/data/nonde_data/family_res/../family/N00044.txt	1.8095109751646254E-6	0.248540626931191	0.03292323261806054	0.23617193329753894	4.958354410037563E-4	4.0535061052819735E-4	0.01320988209419018	6.94870115873011E-7	0.01170833707252662	9.830761633963672E-7	1.103239472318385E-6	1.3191520708694499E-6	0.009437822786290687	9.292763286239578E-4	1.073747401017901E-5	8.855509877294103E-7	0.27468054374274103	0.034738248571820465	0.1233547293821848	0.013386648249504349
38	file:/vast/home/akim/corn/analysis/data/nonde_data/family_res/../family/N00045.txt	0.06615727379793529	0.05861448263861485	0.05319773288407702	0.00899546437007454	0.0020778226439395232	6.196196526933757E-7	0.007778187938475507	6.85945714171483E-7	0.007231400748068642	0.05116939952732486	1.0890702743646333E-6	1.3022098499897235E-6	8.778634927131723E-4	1.110183042658079E-5	8.550584299416746E-7	0.4129245424581094	0.20405204333957097	0.12171010729028262	3.0380082967271685E-6	0.005194987128169158
39	file:/vast/home/akim/corn/analysis/data/nonde_data/family_res/../family/N00046.txt	0.04004324882041845	0.05345171375867121	0.014270882837136348	0.49013803479831575	0.0067604636291172145	0.006895564841266016	0.015022502558235938	6.874731065745153E-7	0.00796043616411422	3.0271239375638854E-5	1.0914953025105444E-6	1.3051094751217656E-6	0.01961140787178312	0.008429599060351293	8.569623849093343E-7	8.761241484670874E-7	0.039281674395019256	0.2641478290176943	0.02873523285077314	0.005216320993310476
40	file:/vast/home/akim/corn/analysis/data/nonde_data/family_res/../family/N00047.txt	0.02871095533934246	0.30765544357592967	0.08636549385588284	1.2896724671827724E-6	0.0015432280550006976	2.025430011828891E-5	1.189795940397439E-5	0.007862582900614475	9.803797979670366E-7	0.010650356761965057	1.0969589994738686E-6	3.075693079825832E-5	8.636827170050027E-7	1.3671508770464128E-6	0.0018166540329190327	0.33471528814300333	0.21907493530302435	1.1689873011820038E-6	3.95663858739764E-4	0.0011397221510979561
41	file:/vast/home/akim/corn/analysis/data/nonde_data/family_res/../family/N00048.txt	0.004770414127126329	0.0636650515617496	2.482802132503208E-6	0.2950015734090497	0.0015852139190803605	6.290845605013763E-7	0.011310212442715357	0.013703003041655925	9.881973954129124E-7	9.852742232450505E-7	1.105706205291757E-6	1.3221015627900638E-6	0.06460452559847138	3.1058139143307356E-5	8.681197477592628E-7	0.0265744583437173	0.3202204595846903	0.04303730378740454	0.1418738980614387	0.013614446697929689
42	file:/vast/home/akim/corn/analysis/data/nonde_data/family_res/../family/N00049.txt	1.6722070597965914E-6	0.12946438194258567	0.03367257715377682	0.027650790214371022	0.06974183055261042	0.00187064480862075	0.07724929363328203	0.15345541928547193	0.009059322406075408	9.084813097635915E-7	0.03707391301757365	4.683039160310105E-5	8.027169925792421E-7	0.02002464692886155	0.008137862710346427	0.25325319756205317	0.13487456865422434	6.031560992473824E-4	0.038909313191387	0.004908868042547173
43	file:/vast/home/akim/corn/analysis/data/nonde_data/family_res/../family/N00051.txt	0.039980255316847076	6.014886337974551E-5	0.13270777276183335	1.2897231022076E-6	0.015363486557986247	6.241323966872336E-7	2.0829450685588135E-6	0.43816378386123556	0.009207902039228104	0.04389581066187827	0.05504631709825511	1.1127175430164038E-5	0.0034362822319024254	1.3672045540228263E-6	0.0016204157288107204	0.24075501009484498	0.008649429324061104	1.1690331978747879E-6	0.01109455419798022	1.1710480075391435E-6
44	file:/vast/home/akim/corn/analysis/data/nonde_data/family_res/../family/N00052.txt	0.21465536071899963	0.09850231512075122	0.07975068843455162	0.019962708278253777	0.009875741343186929	6.197645959686679E-7	0.003725342458005359	0.1807549216957907	0.007116130849145569	9.706772653920122E-7	1.0893250329280578E-6	1.30251446679772E-6	0.0017942671813890394	1.3576365888520009E-6	8.55258447757222E-7	1.4707624427580707E-4	1.9762196002206764E-6	1.1608520746566906E-6	0.3771551091498151	0.006551006277762629
45	file:/vast/home/akim/corn/analysis/data/nonde_data/family_res/../family/N00053.txt	0.18578672232836466	3.020845179776532E-4	0.40239414521118344	1.275154184562075E-6	0.004340190637293657	6.170820976953988E-7	0.002787280829704641	6.831365312029142E-7	0.008269292147007645	0.12916924877284272	0.005270684706869147	1.2968768540156732E-6	3.890381291330454E-4	0.001913158793638645	3.016942877921849E-4	0.14086320099123123	0.002292254264223088	1.0860431842287842E-5	0.11590511388156574	1.1578196626707056E-6
46	file:/vast/home/akim/corn/analysis/data/nonde_data/family_res/../family/N00054.txt	0.05383881421513107	1.2175525181019958E-6	0.3818002728150883	0.1797816674033548	0.054200837013293736	6.050393086097897E-7	0.005673085627530806	0.005662220995240866	0.012313634863953184	1.0462826558913732E-5	1.0634432316095845E-6	1.2715673944133819E-6	0.011086059373388692	1.325379843258899E-6	8.349379478589512E-7	8.536072428291867E-7	1.9292656411097756E-6	0.014635529457615221	0.25857885493145194	0.022409459684264586
47	file:/vast/home/akim/corn/analysis/data/nonde_data/family_res/../family/N00055.txt	2.050559841203461E-5	1.2017833450221551E-6	0.6782250830560699	1.2340757607743123E-6	0.03257353162662746	0.06501185154688975	1.9930727888280145E-6	9.458088454873307E-5	9.381164410424492E-7	9.353414126084559E-7	1.049670010224458E-6	0.13107566504109489	8.264500740904174E-7	1.070018963117674E-5	8.241242204714546E-7	8.425517194293726E-7	0.01389263602882604	1.1185932318094866E-6	0.07908336172778677	1.1205211090143681E-6
48	file:/vast/home/akim/corn/analysis/data/nonde_data/family_res/../family/N00058.txt	0.09491543548790911	0.04317994082567912	0.10315051126950228	0.3038140549477847	0.018553319491253027	0.0039285222308850535	0.02829250023766617	0.010885264939520366	0.002953984343221859	9.426007769920567E-7	1.0578167008168344E-6	0.0446375842908771	0.004155910099058156	0.029531707826231192	8.305204068619075E-7	0.0695013778716585	0.12907432965095436	1.1272748487648282E-6	0.11318384734697003	2.3775092809555855E-4
49	file:/vast/home/akim/corn/analysis/data/nonde_data/family_res/../family/N00059.txt	1.7917883366252992E-6	0.09315328372000115	3.17768304075026E-5	1.2843527160448573E-6	0.0010970049676522304	6.215335194699834E-7	0.169532909520808	0.18897322253577106	9.763358436464352E-7	4.007188762268003E-5	1.0924341693063725E-6	0.05650832644512653	0.0015745723246394926	0.0019269596748245465	0.001379077704710662	0.2289515661097376	0.14997382256736197	0.03288295209075088	0.07192462752133869	0.0020440596546619128
50	file:/vast/home/akim/corn/analysis/data/nonde_data/family_res/../family/N00060.txt	7.96678345959426E-5	4.9922748655007644E-5	0.3283094768826909	0.11963966064409726	2.2396321573841953E-6	6.190405569112607E-7	0.03601332585560227	0.07075760257430352	0.07836124032065447	9.695432731361582E-7	0.04517336324936023	0.1266394380104055	0.014117192669235067	7.996591897880322E-4	8.673052275103306E-4	0.11967819642006722	0.013164240304472758	0.02431046362667245	0.014012281722508372	0.008023134503393188
51	file:/vast/home/akim/corn/analysis/data/nonde_data/family_res/../family/N00061.txt	1.930683054665308E-5	0.018403239215244924	0.30449033742118226	0.14372507171752835	4.624889376334353E-5	0.15215177079250666	0.004591349834223328	0.00527984318615205	8.832736697703967E-7	8.806608709307487E-7	9.883057597291744E-7	0.17658536646166217	0.0016367175502841258	0.04548034746970583	7.759454932413353E-7	7.93295711100393E-7	0.021905695281829073	0.042632750060617626	0.07964205622222244	0.0034055775810263376
52	file:/vast/home/akim/corn/analysis/data/nonde_data/family_res/../family/N00062.txt	1.1040519855966818E-5	0.040270324380231495	0.3490450134088871	1.0556155328817036E-5	2.1464141674040793E-6	0.11627350901058921	1.9799627767092878E-6	0.24645781206571468	9.319457091054206E-7	9.291889342227293E-7	1.0427655024554272E-6	0.15652463268646363	8.210138599453137E-7	1.2996089844009172E-6	8.187033053005288E-7	8.370095920598706E-7	0.02870157790289622	1.1112353616367813E-6	0.06269250287128188	1.1131505576723342E-6
53	file:/vast/home/akim/corn/analysis/data/nonde_data/family_res/../family/N00063.txt	0.1625630166288941	1.2715380519125928E-6	0.40658931796147374	1.3057048055018537E-6	2.286034818229179E-6	6.318663814186176E-7	2.108756043028415E-6	0.14390993764443877	9.925672184184746E-7	9.896311199415095E-7	1.1105956539340072E-6	0.013535672813826498	8.744194380498546E-7	1.3841463747032066E-6	8.719585856907837E-7	0.22003833518979415	0.013377365901724328	3.0994851666681245E-5	0.03994034623055161	1.1855591392446877E-6
54	file:/vast/home/akim/corn/analysis/data/nonde_data/family_res/../family/N00064.txt	1.8257128817820968E-6	1.1234101488313797E-5	0.45644449176436974	0.34217593801276097	2.2912259601136565E-6	6.333012274725008E-7	0.01503126465879185	7.010918082988455E-7	0.08684936971550376	0.0374095350094821	1.1131176013557536E-6	1.3309634270644717E-6	0.004831319274772715	1.1346965522774382E-5	8.739386345945077E-7	8.934799887717477E-7	3.189841139797499E-5	0.010667999224320733	0.031067334595712842	0.015458605434346667
55	file:/vast/home/akim/corn/analysis/data/nonde_data/family_res/../family/N00101.txt	0.03446462097743635	0.010785006232770865	4.6406418747423474E-4	2.0933014103364802E-5	0.005728057170612003	6.245001828857042E-7	0.4448759474892342	6.913486718629636E-7	9.809960264653326E-7	0.0036643101253538285	0.001415359880388238	1.4863144939545076E-4	0.12768713698054246	0.005943233637223731	3.544273514009215E-4	8.810632163458138E-7	0.2521531617459472	0.01703124409767366	0.09525951601426791	1.1717380779428037E-6
56	file:/vast/home/akim/corn/analysis/data/nonde_data/family_res/../family/N00102.txt	1.4940961739609743E-6	0.13367955835959133	2.6497348912247643E-5	1.070967167178463E-6	0.12816241260829117	0.03720815334614739	0.2630144736250228	5.737477118265233E-7	8.141249826642624E-7	0.003448529052337717	0.0016473385982561995	1.08921144387059E-6	0.017956559511580816	0.11125726209392112	1.066734151757065E-4	0.01151757420579675	0.04910921038333226	0.14066457778797142	0.10219516509507613	9.724211073814706E-7
57	file:/vast/home/akim/corn/analysis/data/nonde_data/family_res/../family/N00103.txt	1.2080812398405914E-6	0.03817877531440091	1.6538917217670778E-6	8.659518481487777E-7	0.026297036356162234	4.1905785937750814E-7	0.0013392407985918081	4.639151475915587E-7	0.04001070925342795	6.563297413686957E-7	5.279650302531449E-4	0.009530535408273734	5.799206108806899E-7	0.5884603911650418	0.16491764559783348	5.912191469857631E-7	0.1016773478404838	7.849176745877964E-7	0.024478636650316306	0.0045744933002243365
58	file:/vast/home/akim/corn/analysis/data/nonde_data/family_res/../family/N00104.txt	0.055205449392820995	0.023062929096476194	0.014590210497206983	5.093712262259384E-5	0.13097935368967836	5.282507255893364E-7	4.337575642371994E-4	5.847963660463401E-7	0.001197122567000854	0.008682257478648096	0.0015710627296029456	0.134284972992653	7.310290849502148E-7	0.15777057306590017	3.2472492880248444E-4	0.0654728513577854	0.07891546892141836	0.20879561477642541	0.11865987859553297	9.911470113808187E-7
59	file:/vast/home/akim/corn/analysis/data/nonde_data/family_res/../family/N00105.txt	0.018908049863333682	1.008445744712324E-6	2.562090384527314E-5	0.17390397429052226	0.1535874411639784	0.02166546888882958	0.0560121947635045	0.006880699133594825	7.871964085144543E-7	7.848678144069494E-7	8.914378633919003E-4	1.0531839152286095E-6	0.22157601855941164	0.13961364918697172	0.0031925110928623214	7.070057175263476E-7	0.11971453364564512	0.005186660278326179	0.07048256132779668	0.008354838338385476
60	file:/vast/home/akim/corn/analysis/data/nonde_data/family_res/../family/N00106.txt	0.10967621218890576	0.012887054695961792	0.03824940014260239	0.07199640577186057	0.17221927929927527	0.025606440809833535	0.008633247529590281	6.149696156381246E-7	0.11613155611705671	0.02250539427392437	0.016355195859413512	0.029782969923990855	0.058114159753248136	1.216874711991069E-6	7.665839193185976E-7	7.837248114602203E-7	1.9243778779443218E-5	0.02721439181351867	0.27530748775603125	0.01529817813294894
61	file:/vast/home/akim/corn/analysis/data/nonde_data/family_res/../family/N00107.txt	0.05601856147630066	0.026426429002114935	0.027949048037217244	8.473012323094853E-7	0.5572799393554096	4.100323146357371E-7	0.008829248287821266	0.017488554875677423	2.9082276544731506E-4	0.07241634045835142	0.13953796866418733	0.005843125548963141	2.6361089673109603E-5	0.02716806977880877	5.658335491035215E-7	0.005036790448646959	4.0110917225134136E-4	7.680123489100429E-7	0.03273416394925587	0.02255087591042866
62	file:/vast/home/akim/corn/analysis/data/nonde_data/family_res/../family/N00108.txt	1.610531316461187E-6	1.1242195570310292E-6	0.03741219232033951	9.77983597215362E-5	1.959280223238333E-5	0.15889196854748264	0.06219662753513252	6.184599584341751E-7	8.775698666158709E-7	9.40956857160282E-4	0.013979208804108889	0.08018928015133886	0.4452481532771631	0.018794075633658827	7.709347694944806E-7	7.881729470757138E-7	0.10948178461663224	0.05289163459470698	0.005529014861754284	0.014321921750152794
63	file:/vast/home/akim/corn/analysis/data/nonde_data/family_res/../family/N00109.txt	0.06063564399523537	0.0158031708184579	0.04324844450409614	0.0467960541161689	0.10163263886667206	0.2518089521755838	0.06295372021629833	5.314692440131995E-7	7.54133533171561E-7	7.519027418688807E-7	0.003277555157604467	1.0089493530206134E-6	0.0012162185769803108	0.02552014002886814	0.011680552948712881	0.08011400476973919	0.02647947251437392	0.22777008805498633	0.04000239237550601	0.0010579044258442675
64	file:/vast/home/akim/corn/analysis/data/nonde_data/family_res/../family/N00110.txt	0.036718799597525276	0.019082222285598756	0.0067678304710605324	1.257363356912065E-6	0.016489944252321077	6.084726280493607E-7	0.005178971416620765	0.017684567275892234	0.091951461381387	0.0411772486972685	1.069477782204908E-6	0.02698644120209468	0.17665796382563653	0.0346514297517242	8.396758362017869E-7	8.584510708232687E-7	0.13559759676625233	0.29997662605453573	0.08624067261707005	0.004833590964338078
65	file:/vast/home/akim/corn/analysis/data/nonde_data/family_res/../family/N00111.txt	1.745716356096921E-6	1.2185844810925165E-6	2.3899268813106152E-6	1.2513283503228237E-6	0.051285036987178366	1.910710903026898E-4	1.1544213195235434E-5	0.0015243946777903775	9.512314688393328E-7	0.9390817611368216	0.003753235446720323	1.272645138881467E-6	8.380039870379275E-7	1.326503197632768E-6	8.356456175888079E-7	8.543307361240906E-7	8.764039301292575E-5	3.922733899189661E-5	0.003983698782859493	2.9706016912157628E-5
66	file:/vast/home/akim/corn/analysis/data/nonde_data/family_res/../family/N00112.txt	0.00707705234548802	1.259163244171319E-6	0.09357484497330733	1.2929974815561498E-6	0.0010847079239889896	6.257169586966878E-7	3.1609437040861E-5	6.92695695232903E-7	0.39797633055825377	0.1395477100900455	0.004094706706104467	0.17436338472778684	8.65909450940288E-7	0.0032683838898004314	0.037374707410385136	8.827798794293107E-7	1.9951996709882726E-6	0.13449977625139284	0.007038954795448262	6.021642857650073E-5
67	file:/vast/home/akim/corn/analysis/data/nonde_data/family_res/../family/N00113.txt	0.03683971742819313	2.9394826496263586E-5	0.04126655096879355	0.04802219227280329	2.161885182330932E-6	5.97551076785493E-7	0.0013082394570195345	0.008279812892173282	2.9131005968936438E-5	0.13831257036025155	0.6479456681195358	0.010103512050832554	8.269315984112916E-7	0.01811019059282713	8.246043896528964E-7	0.010309843111781061	2.0700283498176376E-5	1.1192449709322333E-6	0.03938763289569409	2.9313516913484068E-5
68	file:/vast/home/akim/corn/analysis/data/nonde_data/family_res/../family/N00114.txt	0.008697115779324636	1.2515643367952382E-6	0.19332422679434513	0.037726662139625854	2.2501250724382584E-6	6.219408278139058E-7	3.052871128473031E-4	6.885153552712256E-7	0.43274244759742714	0.2591783239158401	0.0032679523410778354	0.053141564527420644	5.954677703720812E-5	3.730409943665072E-4	0.0015266966861307062	2.2584080986744377E-4	0.003454681645169772	1.1649282727307835E-6	0.005969468869646993	1.166936007623553E-6
69	file:/vast/home/akim/corn/analysis/data/nonde_data/family_res/../family/N00115.txt	0.30612075828465135	0.0629721544184246	2.2836662226618655E-6	1.1956919307608E-6	0.07469369545247047	5.786281327890804E-7	0.023397655839926364	0.2849625700900807	9.089379228749248E-7	0.023032636845554087	0.002366979074376054	0.057703390581455	8.00744748561102E-7	6.109577456012553E-4	0.0050694171961617315	0.012886209678028209	1.094490338593451E-5	0.10964522522973148	0.03418188883156828	0.002339748159626764
70	file:/vast/home/akim/corn/analysis/data/nonde_data/family_res/../family/N00116.txt	0.02540135029182645	0.03895272400820689	2.2389251555215438E-6	1.1722662074994757E-6	0.1879706483659223	5.672917825459964E-7	0.04173700606254743	0.006665042140533028	0.2989895263894532	0.12960456182724128	0.027577575486615147	1.1922361465432624E-6	0.1579036840945224	0.01702360165871893	0.005755196649252788	3.648663906680567E-5	1.8089015523051926E-6	1.06256770229822E-6	0.06034829300313792	0.0020262611944086607
71	file:/vast/home/akim/corn/analysis/data/nonde_data/family_res/../family/N00117.txt	0.00472370447523283	0.05180237121870719	1.851546472386989E-4	0.0031147018079893895	0.13478090755707017	0.001202966649832656	0.026177100323306945	5.605617720070634E-7	0.0012589988973213829	0.039403266683233976	0.5238355943836891	1.0641790537564363E-6	0.0022543183647797875	1.1092148742283491E-6	1.6792833920194441E-4	3.590634799512123E-4	0.0032187931342193277	0.05306050416573365	0.08032842275168642	0.07412346916510527
72	file:/vast/home/akim/corn/analysis/data/nonde_data/family_res/../family/N00118.txt	0.008108566130560298	1.1909780202829694E-6	9.541109950646235E-5	0.05776376365499323	7.66014521966663E-5	0.008637981093421225	0.02905078105791055	0.007632831039942428	9.296817653327055E-7	5.677212086711877E-5	0.0011924042681821967	0.02824029447584266	0.30676775071518597	0.058070985667278086	0.0011921807502916586	8.349762733427689E-7	0.44602810560415135	0.019258391271352555	2.901772803834733E-6	0.02782132218945467
73	file:/vast/home/akim/corn/analysis/data/nonde_data/family_res/../family/N00119.txt	0.2537167880965151	0.021724290094328517	2.254574115791939E-6	1.180459758437186E-6	0.0036315741048835544	0.0848627653799884	0.008186265876293515	6.324060214572057E-7	0.0012945831468002935	0.10232784696583083	0.02685396809645393	0.04897259800365552	7.90543891899344E-7	0.005616207054314346	0.009380010282304051	0.022343837576745375	0.019829353032237425	0.22183224692529316	0.16942173554193435	1.0718386339919121E-6
74	file:/vast/home/akim/corn/analysis/data/nonde_data/family_res/../family/N00120.txt	0.00973655686999393	0.056728457364256774	2.1989628717036617E-6	1.867600620394822E-5	0.07460450882175923	5.571662653237047E-7	0.05948933012587829	6.168071172669126E-7	8.752245513162933E-7	0.006817966785094294	0.028723902978378003	0.05096289277314445	0.008517757565373612	0.07784577632615572	9.53120624942413E-6	7.860665460450834E-7	0.32194737204156604	0.27363990375082253	0.010684014276522187	0.020268318881249806
75	file:/vast/home/akim/corn/analysis/data/nonde_data/family_res/../family/N00121.txt	0.480670498130246	0.0014646013805700872	1.3720009495493224E-4	1.265013829788904E-6	0.0059038298213066435	6.121749017887696E-7	0.004575072628538396	6.777040534141283E-7	0.0018590557629079279	0.0729383738891664	0.018216174898353945	0.18841010566163652	8.47169036606366E-7	1.3410108464590814E-6	9.347055642556596E-4	0.09444595899117003	1.952018633441422E-6	0.12928791371156703	8.502154094691438E-4	2.995989645557065E-4
76	file:/vast/home/akim/corn/analysis/data/nonde_data/family_res/../family/N00122.txt	0.048908071534929654	1.1809753320067056E-6	0.0367813165611956	1.2127086278392414E-6	0.04431228153390859	5.868629794108778E-7	0.03836840891304567	9.879042861624499E-6	0.10378507731580465	0.017702832009085488	0.0015515640092280602	1.2333675167681323E-6	0.11822891629491045	0.03225789946023378	0.012792703091461858	8.279635432687581E-7	0.15574732467223382	0.3367250767402493	0.040058300666998545	0.012765306275853582
77	file:/vast/home/akim/corn/analysis/data/nonde_data/family_res/../family/N00123.txt	0.0025863516599258897	1.262268551428344E-6	0.1347045352143494	1.2961862297040784E-6	2.269369645824223E-6	6.272600814186054E-7	2.093383231233587E-6	6.944039987267302E-7	9.85331412696467E-7	0.01797440992419925	0.6419050000511726	0.03272242641335277	8.680449285397005E-7	1.3740559606009438E-6	5.335577454866651E-4	8.849569623283208E-7	2.0001201672354537E-6	1.1748915178448247E-6	3.07546948078888E-6	0.16955511324934502
78	file:/vast/home/akim/corn/analysis/data/nonde_data/family_res/../family/N00124.txt	0.03263946997513291	1.231212497309227E-6	0.021815409941946987	6.861805251945553E-5	0.015637907086009206	6.118273725760579E-7	8.872626830486231E-4	6.773193235674023E-7	0.1504115220620606	0.05829082380220081	5.0141756784193E-4	0.1228737822271022	5.492987080271775E-4	0.010450794523920608	2.5101540210117733E-4	2.9729079828546862E-5	0.197704471145551	0.15816701095939403	0.026819416987336142	0.20289952943678508
79	file:/vast/home/akim/corn/analysis/data/nonde_data/family_res/../family/N00125.txt	0.04840810590286854	3.590657169179266E-5	0.021495891749488866	0.02657470849639015	0.07903552533533235	5.531000966498387E-7	0.042928374861256176	1.3978646245232614E-4	8.688372108137359E-7	0.00685519348751577	0.0015840781857664168	0.018024215710845646	7.654173254352253E-7	0.012927011412486951	7.632632344475275E-7	0.011021633868259237	0.05956830274208283	0.44967273647547956	0.13207028824135805	0.08965528987885793
80	file:/vast/home/akim/corn/analysis/data/nonde_data/family_res/../family/N00126.txt	0.2589415020835322	1.0636099799502746E-6	3.5334570724765805E-5	0.12681950674231052	0.25186825417638226	6.738123826148599E-4	0.0020216154482929926	5.851171862971468E-7	0.006825102286896346	0.1127800274250203	0.003766331213648911	0.11374451937765384	0.0021785137341730756	0.04637462144627053	0.0022283845529230905	7.456805098200322E-7	0.004008139804648543	0.020523678948982663	0.04171294107018992	0.005495320328059032
81	file:/vast/home/akim/corn/analysis/data/nonde_data/family_res/../family/N00127.txt	2.4069877735106354E-5	0.022541120690054615	0.044348760443698364	0.013301271759263125	0.04622379793347312	4.807950691902438E-7	0.08427198598682761	5.322609050120518E-7	7.552568683652036E-7	7.530227541412239E-7	0.005921321391208406	1.0104522543862169E-6	9.140062608669612E-5	0.0211952998797993	0.003267133180807222	0.022676934384614628	0.08027200137685633	0.1528369005006514	0.02166540290548689	0.48135906727558614
82	file:/vast/home/akim/corn/analysis/data/nonde_data/family_res/../family/N00128.txt	1.7951925141133067E-6	6.001220408660752E-5	0.16915027165066898	1.2867928282574727E-6	2.252923629329483E-6	6.227143567216683E-7	2.078212580117305E-6	6.893716851774206E-7	9.781907616809705E-7	0.024493719784706762	0.0016757283790582696	0.8009855436733807	8.617542472312551E-7	1.3640982408287065E-6	8.593290381382736E-7	8.785437202959498E-7	1.9856253892153354E-6	1.1663771335453957E-6	0.0036167367946085146	1.1683873655261666E-6
83	file:/vast/home/akim/corn/analysis/data/nonde_data/family_res/../family/N00129.txt	0.16112148267989437	0.05930280381938242	1.825138836623637E-6	9.556141601662437E-7	0.22821279395393726	0.27109889583216745	0.009543370384346404	0.014029615877222524	7.264362395242548E-7	0.04031348896837838	0.003688088967316815	0.071651947472867	6.39966701052219E-7	0.03629195579079827	7.788207059591045E-4	6.524351092139885E-7	2.778384827397173E-4	0.00802996454925424	0.08729689385160565	0.008357239073083896
84	file:/vast/home/akim/corn/analysis/data/nonde_data/family_res/../family/N00130.txt	2.6283832640482538E-5	1.056522927709144E-6	0.08995122268895682	0.01929713456862233	0.17285718383380122	5.250187504913703E-7	0.02187391115026152	3.3608261059882195E-5	0.002304460949063682	0.021030791680576512	0.611125062857618	0.032334578128587074	7.2655645919885E-7	1.15008935672808E-6	0.007786849811718916	0.003914445263523605	1.6741071560932923E-6	9.83388063316192E-7	0.016020689853541503	0.001437661437314833
85	file:/vast/home/akim/corn/analysis/data/nonde_data/family_res/../family/N00131.txt	0.12584121348383848	0.004177348478103918	0.06637887047619738	0.030739609163116143	0.199403608158635	3.129228821002522E-4	0.04169894138131701	5.787050814008922E-7	0.0014066217608309306	0.1501501882420559	0.18491713477266566	0.030813617070373604	7.234146288778593E-7	0.01835876349756369	0.002376606605908479	0.1280436870350525	1.6668678554759648E-6	0.0015054324109543802	0.013871484770574172	9.808231466608264E-7
86	file:/vast/home/akim/corn/analysis/data/nonde_data/family_res/../family/N00132.txt	0.003794580519033824	1.2072826480065192E-6	0.06629234557184405	0.06887639457858238	0.0038893710338595614	1.9469841334101534E-5	2.002192994380085E-6	7.614377670315751E-5	0.45353911965797117	0.044524481507008516	0.24260199376172956	0.10199309974474698	0.0016802518160239231	0.010842074875706757	0.0017840339594469327	8.464071957132894E-7	1.9129925791931117E-6	1.0558664580788924E-5	1.2376451131241687E-5	5.773536487969631E-5
87	file:/vast/home/akim/corn/analysis/data/nonde_data/family_res/../family/N00133.txt	1.6814408685304878E-6	1.1737174490631952E-6	0.11304591249545565	1.2052557225778874E-6	0.01714577360058216	0.0710518496814038	0.0029463638425427123	0.060650138796394915	4.687208282504906E-4	0.006293344270873099	0.0020923869877566646	0.6958101487424683	7.254456787903521E-4	0.008862047526720998	8.048780021536393E-7	8.228751537692689E-7	0.0031022119954848453	1.0924701195243992E-6	0.004598352163076293	0.013200522752884133
88	file:/vast/home/akim/corn/analysis/data/nonde_data/family_res/../family/N00134.txt	9.662757558561254E-4	9.497624657397652E-7	0.007528200857325631	9.752829761849296E-7	0.33542848017595706	4.71966192070721E-7	0.2154968173129439	5.224869567604778E-7	2.0856926601409132E-4	7.391949389439619E-7	4.016404557167913E-4	0.016760825771980434	6.531387403812425E-7	0.09012410867795671	1.9363433019019776E-4	6.658637780870291E-7	0.03638622843649892	8.840177977201084E-7	0.01058669098911353	0.2859126662566008
89	file:/vast/home/akim/corn/analysis/data/nonde_data/family_res/../family/N00135.txt	0.10214496644190486	9.241426850168984E-7	9.034663011674688E-6	0.23599371313453651	0.32017644481958324	0.017456528245037826	2.3199239776125024E-5	5.083929050942698E-7	0.029777871794038974	0.022259554459646124	0.003518020910477408	0.17926331056899877	6.355203653519204E-7	0.058298643159422237	6.563357507113947E-5	6.479021459934698E-7	5.57574114696412E-4	0.0070136210356911465	0.00843056464432907	0.015008603235677124
90	file:/vast/home/akim/corn/analysis/data/nonde_data/family_res/../family/N00136.txt	0.09284603126685764	9.988044035256964E-6	0.05298153488806743	0.19725457638010052	0.0643688470241274	5.630570948782708E-7	0.021129848369395663	6.233285199827637E-7	0.07667610902449794	0.18239564744737014	0.014177803892846695	0.06356219058824143	0.1699277406290168	0.024272718630500147	0.002471314900428069	7.943775015524269E-7	8.149016943078653E-5	1.0546359069091673E-6	0.010292241096957207	0.0275488822491035
91	file:/vast/home/akim/corn/analysis/data/nonde_data/family_res/../family/N00137.txt	0.10767853389383324	1.1434171731563888E-6	0.07104218624830776	1.17414126571988E-6	0.1460315853318088	5.681991746668522E-7	1.8962766155280983E-6	6.290210243724698E-7	9.123484375677109E-4	0.1241912217550516	0.013967719706348393	0.09094125797483114	7.863124508968232E-7	1.0180520999058995E-5	0.009356610652741322	0.006863528272831258	0.018266672802284625	0.21027036190150644	0.2004605290326409	1.0661015433756498E-6
92	file:/vast/home/akim/corn/analysis/data/nonde_data/family_res/../family/N00138.txt	0.006598195064004598	0.004371590582348102	0.012522965656320066	0.02028143328608049	0.028632481996421256	0.028576452713041583	0.4064426399673129	6.396001668786103E-7	0.00405332099499099	9.048823136863904E-7	0.0010731786817960805	0.04588616447671914	0.07491593118272391	0.0932612912295194	0.0332287701708597	9.901243050051374E-6	0.18513171579973314	0.03610935786825143	1.1186629207493428E-4	0.01879119831227165
93	file:/vast/home/akim/corn/analysis/data/nonde_data/family_res/../family/N00139.txt	0.06947634406602046	0.08351565941929315	2.24419086522663E-6	0.07555681678843076	0.05322814077176493	5.686259914352936E-7	0.18219750017753	0.006215704771881447	8.13762152765791E-5	8.905838216436881E-7	0.01170680309537226	0.003757067870240467	7.869031088108791E-7	0.041593065929986385	0.01789483595759176	1.7071076705401525E-4	0.08080673432883259	0.33024959748337535	0.03856308237415161	0.004982069679411064
94	file:/vast/home/akim/corn/analysis/data/nonde_data/family_res/../family/N00140.txt	0.0859393936838277	0.008097388342052153	1.1722198457920774E-5	1.2312657045657194E-6	0.010693998282676326	5.95843258009424E-7	1.9885344559780853E-6	0.0016592539590055268	0.7921999396934837	2.351979481422608E-4	0.004929977336906563	0.093238617388354	8.245682032721034E-7	0.0028405938422760126	1.0192837107819488E-5	8.406331843073816E-7	1.899942547213682E-6	1.1160461354675537E-6	1.247390951363525E-4	1.048855908486723E-5
95	file:/vast/home/akim/corn/analysis/data/nonde_data/family_res/../family/N00141.txt	0.09650552005013611	4.9845978351280335E-5	4.271227616326297E-5	0.005686867546495861	0.17068157793416602	5.172249014447824E-7	1.7261578849593222E-6	0.02404523793330009	8.124826653559495E-7	0.0011721334248040237	0.009135604354002447	0.03520586089934698	7.157708037122232E-7	0.04469037232439256	0.010965601740991881	0.04428325952911283	0.15513691901895982	0.31738079028945715	0.013106715892795648	0.07190720917126847
96	file:/vast/home/akim/corn/analysis/data/nonde_data/family_res/../family/N00142.txt	1.6339160665592514E-6	1.1405431100894656E-6	2.236869647028993E-6	0.026072810863083832	0.09980517853231612	5.667709642980519E-7	0.011081224198620428	6.274399338161012E-7	0.48885527590923067	0.03609116769092223	0.0013647434871141121	3.6844665919759786E-5	0.04111821128028712	1.241550426783118E-6	0.2795957199974039	7.996171377058715E-7	0.0044852379265053	1.061592181999742E-6	0.009718364272514327	0.0017659128766138571
97	file:/vast/home/akim/corn/analysis/data/nonde_data/family_res/../family/N00143.txt	0.03425344801601827	4.537379057769385E-5	0.09967848512299879	0.06731029221672374	0.08501664275679079	0.06499143377042516	0.009345697977507275	6.228597103981431E-7	0.006177007441732254	0.011928409352719568	0.51178750852155	0.05800188500622153	7.786104541364909E-7	2.7777431246292377E-5	0.003955973069765609	0.0013811308661364002	0.003611906427243364	0.007150492083489875	0.035334079019699975	1.0556589888619837E-6
98	file:/vast/home/akim/corn/analysis/data/nonde_data/family_res/../family/N00144.txt	0.030607209998607113	1.1344859587835402E-6	0.07851991289094293	0.07677224215308417	0.030093393828926725	5.637609794441788E-7	0.024880001637543513	3.608828476088165E-5	0.12275126826071212	8.829642245154369E-7	0.06303856552644141	0.11857566064960658	0.0036092601813728256	0.16404965176218375	0.035367428498474	0.0041944343020289985	0.05051165174991677	0.17516749225237901	0.019995693921586413	0.0018274628902699942
99	file:/vast/home/akim/corn/analysis/data/nonde_data/family_res/../family/N00145.txt	1.7629248986257822E-6	0.20344249349803467	1.2030639176281151E-5	1.2636634224316998E-6	0.0559355765693078	0.001529738911083047	0.39194912743912724	6.769806016081584E-7	9.606083112622974E-7	9.577667499581155E-7	1.0748364401160402E-6	0.04966426531807724	8.46264680248444E-7	1.3395793119805601E-6	8.438830629785533E-7	8.627523716062573E-7	0.034402507625958284	0.03771000387085786	0.06156239717878499	0.16378126968974172
100	file:/vast/home/akim/corn/analysis/data/nonde_data/family_res/../family/N00146.txt	0.23153755439398824	1.0877249678417904E-5	0.06111205270874051	0.076250890808257	0.03599103793155508	6.131843815041834E-7	0.007195952982506801	6.788215910540678E-7	9.63220601420222E-7	0.20318542622893926	0.005266323054013123	0.2343143476036069	0.11235501143774608	1.343222180578946E-6	8.461779290483264E-7	2.0151711352021752E-5	1.1598543923154973E-5	1.1485269827387766E-6	0.029357231139016376	0.0033859510530106418
101	file:/vast/home/akim/corn/analysis/data/nonde_data/family_res/../family/N00147.txt	0.1645979474315345	0.038217188790469286	3.5370144944483135E-5	1.0932892173671337E-6	0.18090654518207339	1.8358039649342381E-4	0.006957716003956717	5.857062719127005E-7	8.310936996145309E-7	0.01699964020852746	0.3859812872741572	0.010609768181953388	7.321665196052442E-7	0.01157499494543371	0.04133704723572864	0.0010408107712669495	0.003604469907496661	0.014853109756707186	0.12309628882437552	9.926891729475505E-7
102	file:/vast/home/akim/corn/analysis/data/nonde_data/family_res/../family/N00148.txt	0.024757350646319818	1.0613196216663819E-5	1.1527179466371828E-4	0.005223346693974988	0.010841572027980938	0.001393161059916935	0.4801821006801089	6.623426835792407E-7	1.60896371056747E-4	0.006850840368683694	0.004338696412453939	1.2574014952003782E-6	0.207624408272721	0.0210214809400255	0.0019014856209962673	0.07250819975067922	0.15978907539529652	1.1206456216708324E-6	4.922122799684858E-4	0.0027862480991361492
103	file:/vast/home/akim/corn/analysis/data/nonde_data/family_res/../family/N00149.txt	0.10458156041805232	0.005325782097119318	0.09091508519121293	0.04945321619582352	0.011612638295631158	0.24902487950804675	0.01309204036273232	2.0956457584227122E-4	0.0018398251259251085	0.17380212290629582	0.004013276445886059	0.07509878892020444	2.598659920663575E-4	1.164336786278507E-6	4.2704484778314573E-4	9.108934193555832E-6	1.5215767936978454E-4	0.19185782598757892	0.028323054893221088	9.972862287973413E-7
104	file:/vast/home/akim/corn/analysis/data/nonde_data/family_res/../family/N00150.txt	1.0813808863669249E-5	0.06646625517859787	0.02045449496658033	0.06113847895092049	0.016734891026900525	5.810922731605408E-7	0.22699578869110015	0.0019928595334657052	9.12808717438804E-7	0.008417566788944843	0.002989345711724147	0.001079576818670214	9.238034215893556E-4	0.010126849037187519	9.940498285950664E-6	8.198220612502663E-7	0.12205708268225521	0.34351217197735157	0.0203088329772647	0.09677893420724584
105	file:/vast/home/akim/corn/analysis/data/nonde_data/family_res/../family/N00151.txt	0.008684918290815191	0.042237777450236796	0.04647116281898212	1.2496622272022932E-6	0.01053041859757578	6.047458400785693E-7	0.005166272320006314	0.006905362772824082	9.499649197814453E-7	9.471548425369188E-7	0.0015893325967595328	0.0658811751394015	8.28258811747359E-4	0.056836651347646205	2.9566303446360855E-4	0.005127064880482702	0.191602411913951	0.39200891254685194	0.16582973127705428	1.1346733719488075E-6
106	file:/vast/home/akim/corn/analysis/data/nonde_data/family_res/../family/N00152.txt	1.628183412057932E-5	0.040457385589444665	6.282936464685482E-4	6.063913316856033E-5	0.043836352164313454	2.913130519297791E-4	0.038809927007444234	5.249494801273E-7	0.006317168357644967	0.006048699512998704	1.350667785103806E-4	0.03672872457251256	0.24948073997839346	0.33182580729605654	0.013968377120459256	2.542208298679077E-4	0.22759410712854553	8.881842452369417E-7	0.0035445931493793296	8.89715016308529E-7
107	file:/vast/home/akim/corn/analysis/data/nonde_data/family_res/../family/N00153.txt	3.800768017508547E-5	0.009450135504476544	0.03635356920753973	1.1938125418195471E-6	0.026059450100037088	2.640586945991115E-4	0.004617387901016918	6.395594890395301E-7	9.075092539706783E-7	9.048247642061858E-7	0.003835117900930942	0.14320766735608376	7.994861377212223E-7	0.10375825675265146	7.972361678984524E-7	0.0012455355350585561	0.11252638998352092	0.5584081256536655	2.2997133914134417E-4	1.0839627483450246E-6
108	file:/vast/home/akim/corn/analysis/data/nonde_data/family_res/../family/N00154.txt	1.8128753140684384E-6	1.2654642984606778E-6	0.21554727697633064	1.2994678477815007E-6	0.0031570716115279936	6.288481464475778E-7	2.098683151952662E-6	6.961620552953269E-7	0.6066119831134104	9.849039508081702E-7	0.022094570409719353	1.321604708456612E-6	0.08221348238880725	1.3775347252848792E-6	8.677935027333369E-7	8.871974511552853E-7	2.1784472348027445E-5	0.06361136929205596	7.250272816210848E-4	0.006004193919026804
109	file:/vast/home/akim/corn/analysis/data/nonde_data/family_res/../family/N00155.txt	0.15868300373003907	1.127409032654561E-6	0.06591534094619222	0.29739880300014343	0.002151846947182898	0.011339979853689303	0.016601299832524927	6.202145649513982E-7	0.08127993670076121	8.77456291567437E-7	0.0050583482338183924	0.17707057594166004	0.1085578763202343	0.001807428511878873	7.73121955831222E-7	0.0012607259212004706	0.003711107063020224	0.05424876229299112	0.01024963500576419	0.004661931497054269
110	file:/vast/home/akim/corn/analysis/data/nonde_data/family_res/../family/N00156.txt	1.3499170890244882E-6	9.422997096302039E-7	0.004133109590365703	0.021364229073132096	0.055195642611916604	0.244068918568419	0.17001659795831311	0.005796067076400267	2.2165863861729022E-4	7.33386716629697E-7	8.476948215008793E-4	0.11847466568318814	3.8358133851374717E-4	0.1834923686099275	6.461830386201213E-7	6.606317551788759E-7	0.15517786172862497	0.012711318046685786	0.028111075252837073	8.785832488295035E-7
111	file:/vast/home/akim/corn/analysis/data/nonde_data/family_res/../family/N00157.txt	1.2754350817093081E-6	8.903080914512777E-7	1.7461007204852255E-6	9.142310382584032E-7	1.6006404943583207E-6	0.3689579378745234	0.02185588349086733	0.004731784509040988	1.8855520962832663E-4	0.04493407727803282	8.496275558535408E-4	9.298052636256104E-7	6.12252775170255E-7	0.17091899125224863	5.627282066412615E-5	6.241812356455383E-7	0.3492614129813495	8.286789873130262E-7	0.032495031534378854	0.005741003859724435
112	file:/vast/home/akim/corn/analysis/data/nonde_data/family_res/../family/N00158.txt	0.05040026859643456	1.0433510515402133E-6	2.303532700762125E-4	0.17130471823807444	0.00925646378330951	0.014286014655079308	0.11687046135958251	5.739722671894449E-7	0.004999107342857173	0.0032297255549767717	0.0025122884736210635	0.024421786592428656	0.02658217728874783	0.33235092135129657	0.025611870448943665	7.314772883854908E-7	0.2031541289038471	9.711279736803793E-7	2.5420852901151185E-6	0.014783852126853748
113	file:/vast/home/akim/corn/analysis/data/nonde_data/family_res/../family/N00159.txt	0.007836005788855011	0.012657325252718883	0.08433377770737936	0.043691559253985345	0.0055678798739361626	0.020950277917371102	0.05483301989807146	6.465201694459206E-7	9.173861801847171E-7	9.146724736301916E-7	0.005520871297361766	7.267976483060212E-4	8.081873884873932E-7	0.027646425588935604	3.7736770615977826E-4	0.01918710651992924	0.028308287728447238	0.6614640292001306	0.024791650710392465	0.002104331141808208
114	file:/vast/home/akim/corn/analysis/data/nonde_data/family_res/../family/N00160.txt	0.06174369759031432	0.0030979571779264424	0.09286878162017057	0.03446208105027316	0.04240770010310808	5.860516471488302E-7	0.0029328348791502474	6.487844823795661E-7	0.5858725773114013	0.08371530203623222	0.03798264155539265	0.029558870108072895	1.924421931034166E-5	0.004498984927794539	4.524221697983498E-4	8.268188918628584E-7	1.8687204131545473E-6	0.020379001854161152	2.8734236537036222E-6	1.0995978054518262E-6
115	file:/vast/home/akim/corn/analysis/data/nonde_data/family_res/../family/N00161.txt	1.4318907330594943E-6	9.99520809799649E-7	0.09268288378432428	1.0263783475386066E-6	0.185199606940113	0.09800090681756687	0.006984948456570971	5.498602071247567E-7	7.802295719282309E-7	0.07280197530436004	4.461163830041013E-4	0.15989809433786503	6.873568773734383E-7	0.2182562657292277	1.630799701521957E-5	7.007485836697196E-7	0.05050155600363196	0.11518617245690686	2.435294567446657E-6	1.6554509715936892E-5
116	file:/vast/home/akim/corn/analysis/data/nonde_data/family_res/../family/N00162.txt	0.04668853641492142	1.3544483477861456E-5	0.09801006601647128	8.36342487092375E-7	0.09124392423324357	0.6239817146210281	0.0012234331978413391	4.4805256685576145E-7	1.2793602666952216E-4	0.01083388584837994	0.006072933678504685	0.09513869844675052	5.600914728191173E-7	0.002343211334828111	7.643600635501228E-4	1.9666042387929485E-5	1.402056989301349E-5	1.9853117810964998E-5	0.023342486709507164	1.5988470820769453E-4
117	file:/vast/home/akim/corn/analysis/data/nonde_data/family_res/../family/N00163.txt	0.09294886786974953	1.223220811153691E-6	0.1581644915979804	1.2560892604911526E-6	0.012572954788109615	3.1607168531621547E-4	0.006187031580771967	6.729229066427362E-7	0.0029166053937505734	0.004388767105760176	0.010956266828317414	0.09664792335994822	0.006377034347338559	0.010220447716100516	0.0013487297318171838	0.17732976766431677	0.14303132653105669	0.2527450228425788	0.02274505456767782	0.00110048415643125
118	file:/vast/home/akim/corn/analysis/data/nonde_data/family_res/../family/N00164.txt	0.04827906361101676	1.4492653594502445E-4	0.005682812141396656	9.460913122304025E-7	0.24108796413878789	4.5783954491983926E-7	1.5279684684592454E-6	1.085107491057195E-4	0.14032658758113353	7.170697396105862E-7	0.003932146713416862	0.05047478525572332	6.335893305274226E-7	0.25742470073071316	0.25249215146450177	6.459334890078083E-7	3.7461195718639374E-5	8.575578357285506E-7	2.2447969976261743E-6	8.590358226824805E-7
